784 10
0.283648 0.458189 -0.279109 0.158283 -0.232137 0.267613 0.0080731 -0.492591 0.0394954 -0.0556686 
0.26441 -0.203128 0.378793 0.307835 -0.329219 -0.279123 -0.107489 0.387786 -0.034198 -0.17831 
-0.243385 0.259116 -0.256628 -0.435368 0.420715 0.0325733 0.427282 -0.0401067 0.17788 0.433137 
-0.412855 0.447611 -0.338201 0.179614 0.207908 0.420341 -0.228001 -0.0542901 -0.0129994 -0.263458 
0.384414 0.265952 0.191005 0.446174 0.0700695 0.444861 -0.335778 0.323784 -0.185753 -0.388544 
0.0297782 0.186288 0.27281 -0.452746 -0.410112 -0.0297588 0.00457389 0.416107 0.17802 -0.45508 
-0.145299 0.382197 0.329097 -0.00957146 -0.280328 0.289239 -0.319601 -0.48109 0.214146 0.328144 
0.475654 -0.299498 0.147816 -0.0673427 0.147715 -0.0321011 0.403737 -0.0234369 -0.415481 0.388158 
-0.362751 -0.319177 -0.261513 0.135728 -0.157131 -0.269452 -0.259965 -0.44269 0.234501 -0.445463 
0.251787 -0.35971 0.0378933 0.0265568 0.459989 -0.483708 -0.151961 -0.422339 0.0354785 0.0180933 
-0.434885 -0.0224357 -0.390087 -0.431068 0.33746 -0.190422 0.151827 -0.373187 0.456694 -0.432894 
-0.433173 -0.381606 0.167729 0.442005 0.380414 0.35187 -0.480795 -0.138721 -0.153579 -0.272456 
0.428543 -0.188962 0.113235 0.167756 0.294552 -0.380791 -0.400015 -0.0810949 0.270172 0.156039 
-0.439841 -0.379646 -0.308417 -0.123414 -0.463792 0.36246 0.121604 0.0243645 0.059188 -0.171064 
-0.306789 -0.317678 0.0761635 0.121209 -0.350005 0.139435 0.0840181 0.0885402 -0.404863 -0.35331 
0.306233 -0.0549544 0.0804756 -0.34281 0.010816 -0.0699798 -0.0409619 0.31068 -0.0282481 0.277608 
0.258619 -0.188015 -0.460296 0.348834 0.228348 0.219283 -0.244257 0.382633 -0.201357 -0.015584 
0.0162695 0.263845 0.441736 0.467225 0.0714782 0.165311 -0.260048 -0.316752 -0.431693 -0.232759 
0.459814 -0.272103 -0.103885 -0.438521 0.0346454 0.430468 -0.367449 0.294602 -0.385607 -0.457095 
-0.209789 -0.489499 0.364029 -0.407928 -0.325477 0.494767 0.43327 0.302744 0.248158 -0.398485 
-0.415224 0.336463 0.33671 -0.363688 0.360005 0.203623 -0.11898 -0.487747 0.316861 0.420043 
-0.337642 0.395729 -0.453258 0.000211746 0.0838778 0.115381 -0.0149897 -0.360391 -0.358649 0.0111648 
-0.0995285 0.156533 0.0593452 0.0667488 -0.494926 -0.166016 0.407385 -0.275598 0.150769 -0.0524166 
-0.32276 0.324243 0.00131568 -0.0444378 -0.134229 -0.222803 0.418753 -0.299476 0.136655 -0.119039 
0.173309 -0.324994 0.104738 -0.413945 -0.282275 0.154915 0.31178 -0.243208 -0.437308 -0.161873 
-0.347557 -0.188071 -0.0166675 0.169505 0.232303 0.0547696 -0.304252 0.342093 0.392411 0.302933 
-0.293578 -0.0201632 0.25285 -0.387805 0.37456 0.374698 0.176723 -0.171574 0.43957 -0.102881 
-0.343762 -0.350805 0.0715594 -0.157591 -0.0728714 0.306843 -0.446331 0.415476 -0.442311 0.388775 
-0.0749441 -0.397648 0.466698 0.437481 0.226551 0.263193 0.474573 0.135356 -0.219127 0.268879 
-0.334705 -0.418268 -0.364555 0.0499252 0.297147 -0.264614 -0.452851 -0.394617 0.416068 -0.391265 
0.260783 0.235144 0.117706 -0.4317 0.180299 0.313599 0.357687 0.0228178 0.169804 0.297194 
0.389304 -0.00280163 -0.00953842 -0.23304 0.0496941 0.0889739 -0.00312277 0.194892 -0.478867 0.0265836 
-0.383395 -0.357295 0.232832 -0.307192 0.271566 -0.301789 -0.410519 0.0496872 -0.0486755 -0.162522 
-0.131794 -0.343366 0.163774 0.0613745 0.158383 0.125536 -0.476863 0.0482741 0.180451 -0.329831 
0.167779 0.0549571 -0.45388 0.230716 0.445228 0.2231 0.360191 0.199811 0.163201 -0.321624 
0.331595 -0.37891 -0.324039 -0.334217 0.206134 0.0621332 -0.100771 0.420957 0.333336 -0.180348 
0.280285 -0.4221 0.38706 0.0704088 0.0685206 -0.0928927 0.338504 -0.274811 0.258745 -0.365951 
0.235753 -0.369045 -0.256525 -0.359786 -0.14576 -0.458573 -0.204833 0.391879 -0.00469345 0.286178 
-0.302969 -0.101384 -0.232044 -0.428416 0.333995 0.162489 0.0308693 0.200682 -0.200876 -0.426159 
-0.273302 0.467808 -0.080875 0.210517 -0.0779154 -0.442947 0.445542 0.333862 -0.168045 -0.203249 
-0.239871 -0.105323 -0.0189541 0.311809 -0.332303 0.162448 0.0578115 0.0592308 0.350983 -0.0198785 
-0.138676 0.219202 -0.405454 -0.255967 -0.18896 0.0207348 0.0419782 0.0836797 0.358193 -0.231723 
-0.278889 -0.196972 -0.465861 0.345015 0.0473578 -0.114403 -0.274158 0.172787 0.428612 -0.146494 
0.193998 0.168217 -0.115914 0.0267801 0.298152 0.412295 0.129728 0.172584 0.0869046 -0.428028 
0.453556 0.210158 0.46037 0.348026 -0.000622242 -0.254713 0.0663626 0.357748 -0.297713 -0.325724 
-0.437163 -0.190152 0.323959 0.31419 0.21072 0.287346 0.279317 0.169348 0.0581983 0.103113 
-0.0277967 -0.348178 -0.321311 -0.394035 0.114578 -0.307161 0.431671 -0.10289 -0.246825 0.0103505 
0.117236 0.0669946 0.191415 0.477779 -0.397932 -0.15077 -0.184008 -0.162543 -0.0266267 0.167993 
-0.304084 0.246547 -0.434892 -0.488887 -0.503209 -0.140014 0.263881 -0.1935 -0.125271 -0.0639649 
-0.481656 0.297399 0.415855 -0.00500023 -0.0796438 0.399886 0.30134 -0.0651619 0.282901 -0.47875 
-0.211115 0.0304844 0.354392 0.266338 0.12058 0.280363 0.148179 0.0310475 0.281456 0.211252 
0.270817 -0.20559 -0.179162 -0.0945148 0.485886 0.27013 -0.0442064 0.493081 0.195944 -0.496333 
0.272239 0.0918987 -0.0510339 0.0762365 -0.0384728 0.062042 -0.132189 -0.158387 -0.351288 -0.482323 
0.253862 0.271236 -0.348319 0.392575 -0.375238 0.310883 -0.383693 0.310806 -0.421919 0.378124 
-0.290314 -0.23754 0.30219 0.44746 0.0908029 0.0820744 -0.284873 -0.0947568 -0.316866 0.328941 
0.10674 0.342534 -0.0381307 -0.303335 -0.311587 0.375835 0.0127382 0.396678 0.363941 -0.380007 
0.0995189 -0.228479 -0.334498 -0.0659862 -0.0947791 0.0183396 0.0370043 -0.05839 0.451539 -0.386084 
-0.212247 -0.030215 0.23523 0.0676249 0.331284 -0.0520944 0.185038 -0.347582 -0.468819 -0.14727 
-0.225408 0.357143 -0.42075 0.163879 0.292814 -0.0495101 -0.214716 -0.16455 -0.183186 -0.0238729 
0.41375 0.057397 0.260906 0.368783 0.0956988 0.259668 -0.255389 -0.34678 -0.463387 -0.20702 
-0.124097 0.288424 0.0691669 0.346739 0.280285 -0.29732 0.260435 0.466285 0.333869 -0.155231 
0.0913314 0.423579 -0.428645 0.468963 0.317688 0.449517 0.00870757 0.428427 0.0208639 -0.287501 
-0.127021 -0.483659 -0.246616 -0.12764 -0.301059 -0.426182 -0.419641 0.281158 -0.368017 0.296182 
-0.45138 0.313545 -0.32845 -0.0289459 -0.133956 0.104446 0.223783 -0.133566 0.0830111 -0.36809 
0.442697 -0.223273 -0.488017 -0.344765 0.0310472 0.420768 0.268322 0.0261619 -0.396934 0.400852 
-0.0266454 -0.0216694 0.291326 -0.154343 -0.171952 -0.330657 0.0447702 -0.418899 0.197157 -0.0713202 
-0.449921 -0.276683 -0.0884173 -0.159168 0.0309401 -0.134382 0.258336 -0.108055 -0.417436 -0.404239 
0.254064 -0.00128389 -0.294095 0.185758 -0.655863 -0.569062 0.167656 0.416883 0.151731 0.403682 
-0.304224 0.440307 0.23021 -0.266811 0.131237 0.303346 0.835212 0.226292 -0.0364417 -0.373972 
0.160969 0.51392 0.106669 -0.393115 -0.081653 0.258066 0.181494 0.110477 -0.257823 -0.261504 
-0.280511 0.226589 -0.0697686 0.315755 -0.288646 -0.113712 0.258213 0.266274 0.125958 -0.135565 
0.342444 -0.0683616 -0.16486 -0.357675 -0.51635 0.0915542 -0.0570347 0.32718 0.204729 0.370581 
0.273988 0.458317 0.565636 0.181568 0.202987 0.43012 0.545406 0.270527 -0.0878518 0.389918 
-0.35325 0.189164 -0.344923 0.0625331 0.266533 -0.41341 0.16352 -0.205929 -0.224572 -0.128069 
0.0718634 0.0584578 0.266086 -0.384969 0.144012 0.340651 0.157385 -0.0918358 0.119832 0.0964191 
0.121469 -0.358483 -0.361556 0.056927 -0.0802861 0.309401 -0.0225937 0.0462372 -0.412747 0.0798707 
0.248076 0.352872 -0.510993 -0.505827 0.246681 0.0169768 0.261844 0.45337 0.313261 -0.389764 
-0.0108758 -0.105761 -0.176045 0.0765684 0.070271 -0.431113 0.202503 -0.0539935 0.0322123 0.342291 
-0.273418 -0.0979435 -0.114043 0.213773 -0.106435 -0.184204 -0.2955 -0.346484 0.406744 0.241129 
-0.216403 -0.443033 -0.401444 0.232223 0.087702 0.155302 0.024279 0.483344 0.355165 0.160202 
-0.160992 -0.255708 -0.352799 -0.32692 0.123279 0.00281795 -0.145272 0.265643 0.463172 -0.316 
-0.498307 0.36272 0.234219 -0.174897 0.269888 0.384547 0.307654 0.0504584 0.256794 0.119699 
-0.476113 0.356734 0.463141 0.38479 0.121396 0.494436 0.370977 0.154563 -0.434661 -0.0660836 
0.100733 -0.066763 -0.058792 0.25416 0.122165 0.0292712 -0.24846 -0.261583 0.300553 -0.249633 
-0.185288 0.203315 0.298003 -0.417657 -0.193472 -0.189914 -0.245071 -0.131653 0.0372987 -0.0785331 
-0.0332834 -0.0606813 -0.0947569 -0.175649 -0.209387 -0.160568 0.0634259 0.194418 -0.101298 -0.449479 
0.28996 -0.285954 -0.424956 -0.450405 0.139918 0.483634 0.124162 0.334906 -0.0682465 -0.458451 
0.485872 -0.468949 0.358733 0.487753 0.443528 0.0624947 0.409891 -0.148136 0.264596 -0.189055 
-0.205974 0.265148 0.0653473 -0.478281 0.140369 0.157584 0.442933 0.414483 0.239699 0.26683 
-0.212508 -0.219033 -0.267569 -0.192641 -0.146715 -0.328058 -0.0446265 -0.00442921 0.0450722 -0.233353 
0.240662 -0.352621 -0.133031 -0.248782 -0.464283 0.00835249 -0.19652 -0.469609 0.100638 -0.0739197 
-0.117725 0.232483 0.108071 0.315369 0.386049 0.205034 0.339836 0.43438 -0.312531 0.348221 
-0.415018 0.320391 -0.313501 0.0265011 -0.119838 -0.23494 0.320811 0.249779 -0.147884 0.220857 
-0.255469 -0.4295 0.756224 0.46251 0.0925367 0.442616 0.17942 0.19432 0.443283 0.0792528 
-0.0722449 -0.589206 -0.16426 -0.215408 -0.589719 -0.491349 0.223767 0.100847 -0.371416 -0.22051 
-0.0686141 -0.268296 0.582221 0.663134 -0.220802 -0.349768 0.0777423 -0.484087 -0.417278 0.43763 
-0.01535 -0.31153 0.431168 0.0100829 -0.203889 -0.0699852 0.594432 -0.303845 0.0778514 0.148045 
-0.0294651 -0.0247356 0.482763 0.329708 -0.671125 -0.109411 0.0334094 -0.461385 -0.337699 -0.364169 
-0.0059174 -0.0445179 0.474507 0.452505 -0.480297 -0.0847748 0.234984 0.171036 0.121353 -0.309759 
-0.260476 0.148295 0.187746 0.528614 -0.21568 -0.0215314 0.493563 0.021036 0.150163 0.203503 
0.373296 0.17064 0.310738 0.509519 -0.367772 0.298144 0.18269 0.0374314 0.00512199 -0.636468 
-0.14331 -0.445452 0.49445 0.15935 -0.255445 0.388151 0.220799 -0.276501 -0.0607633 -0.455585 
0.0894201 -0.318799 -0.40914 0.361304 -0.421435 -0.195157 0.213139 -0.300788 -0.213281 -0.375673 
-0.28126 0.114303 0.00647498 0.485619 0.293815 0.440822 0.329707 -0.275701 0.249935 0.38599 
-0.0110331 -0.561087 -0.254297 -0.269655 -0.136605 0.117557 -0.197029 -0.41992 -0.353985 -0.162629 
-0.384429 0.194111 0.214225 0.225364 0.433691 0.128154 -0.0594438 0.234426 0.151386 -0.452925 
0.398507 -0.421847 0.271169 -0.0794547 0.500673 0.0757294 0.630131 0.400685 -0.070268 -0.252364 
-0.148939 -0.381402 -0.579561 0.0117084 -0.0374848 0.319187 0.231329 -0.152216 0.032274 0.488425 
0.184332 0.370908 0.346112 0.312565 -0.133367 -0.0744003 0.0393627 0.397041 -0.09186 -0.378299 
0.00125828 0.286159 0.311727 0.249586 0.417446 0.136719 -0.237946 -0.302622 -0.0118467 0.437111 
-0.116963 0.233936 -0.372146 -0.35462 0.282462 -0.465368 0.512224 0.0465422 0.244783 -0.132144 
-0.334815 0.275036 -0.209745 -0.261141 0.388423 0.430137 0.149417 -0.274894 -0.338656 0.339865 
-0.142338 0.0799378 -0.499033 0.0593479 -0.150034 -0.0376444 -0.0583333 -0.232072 0.140062 0.354643 
-0.32076 -0.256151 0.465378 -0.18809 -0.126487 -0.415864 -0.0474207 0.305221 0.468733 -0.172903 
-0.248942 -0.184539 -0.0740954 0.0500062 0.35174 0.035867 -0.465511 0.394648 -0.0869788 0.490379 
0.395736 -0.160156 0.260501 0.255736 -0.0660046 0.235437 -0.303145 0.027072 -0.136418 0.278943 
-0.0396613 -0.198148 0.185226 -0.0757732 0.316608 0.112321 -0.210968 0.332869 -0.0853076 0.108386 
-0.0580964 0.216756 0.132656 0.393347 -0.361456 -0.486256 -0.426923 0.0395676 0.0314614 -0.321555 
0.159289 0.466791 -0.135638 0.0367429 -0.286853 0.063581 -0.383223 0.131404 -0.51211 -0.180231 
-0.391202 -0.205397 0.433747 0.347336 0.339327 -0.331713 0.19805 -0.425131 -0.164833 0.494176 
0.174958 0.0736665 0.0831573 0.532852 -0.579041 -0.751204 0.0406147 -0.0761161 -0.355454 0.269904 
0.151678 0.170339 0.37847 -0.016794 0.109488 -0.381417 -0.103096 0.183007 0.0608674 -0.0446107 
0.195692 -0.207285 0.190086 0.576348 -0.791382 0.126287 0.177412 -0.193268 0.133007 0.604941 
-0.0171232 -0.00515948 0.398645 0.250365 -0.138828 -0.133839 0.0287773 -0.157996 0.220309 0.24084 
0.157862 0.136825 0.27551 0.563218 0.0492852 0.310103 0.0788445 -0.419888 0.292793 0.182917 
0.251814 0.144175 0.125627 0.302337 -0.57869 -0.442682 -0.135154 -0.73935 0.232628 0.307945 
-0.0330323 -0.0980983 0.274584 0.41084 -0.0245893 0.276377 -0.00476706 0.0393602 0.348178 0.152162 
0.308563 0.36278 0.141777 0.212275 -0.348647 0.0020049 -0.337062 -0.533573 0.150502 0.183563 
-0.0105919 0.0126302 0.0848921 0.310111 -0.137096 0.190022 -0.105825 -0.141756 0.36583 0.02466 
0.149901 0.13119 0.121716 0.23474 -0.131176 0.105958 0.269413 -0.672935 0.201313 -0.509063 
0.110632 -0.0585325 0.239708 0.245453 0.00917055 0.232862 -0.0746238 -0.331403 0.202003 0.280432 
-0.202248 0.201962 -0.541016 0.248872 0.00718778 0.354202 0.252491 -0.498451 -0.00828113 -0.335727 
0.10443 -0.262224 0.0873544 0.104808 0.193624 -0.265792 0.155937 0.343657 0.113743 -0.372323 
-0.0111964 0.54225 -0.491383 -0.0802156 0.433524 0.172166 0.470929 -0.31559 0.29178 0.118844 
-0.354748 -0.509398 -0.753424 -0.650052 0.284235 0.333238 0.494299 -0.0878917 0.0495722 -0.366628 
0.363029 0.18756 -0.719441 0.117506 0.159335 0.124545 -0.135311 0.254519 -0.392687 0.140837 
-0.321312 -0.227807 0.141338 0.25002 0.0305637 0.409973 -0.311072 -0.378737 0.435996 -0.320265 
-0.233983 0.0820843 0.384355 -0.254053 0.438576 0.124243 -0.0704537 -0.257401 0.493811 0.327197 
0.37074 -0.479903 0.468893 -0.339991 -0.0176544 -0.173328 0.108594 -0.0163816 0.486657 0.0662268 
-0.00339766 -0.501197 -0.34187 0.0396696 0.310911 -0.095096 -0.460542 -0.261416 -0.419229 -0.38631 
-0.368906 0.235711 -0.345042 0.356477 0.17329 -0.386303 0.261159 -0.131472 -0.354037 0.212827 
-0.373025 0.34115 -0.262921 -0.0291311 0.148697 -0.209581 -0.117208 -0.447713 0.0865377 -0.33997 
0.497037 -0.365615 -0.461562 0.0685444 -0.0470167 0.30336 0.000230179 -0.314492 0.0710593 -0.194595 
0.294589 0.109655 -0.202319 -0.225297 0.0105795 -0.43796 0.196138 -0.0942957 -0.125094 0.354801 
0.262024 0.107042 0.0629926 -0.247429 -0.158761 -0.198359 0.141461 -0.016159 0.264358 -0.15063 
-0.111787 -0.10355 0.258248 0.371159 -0.0699506 -0.534128 -0.282398 0.18569 -0.553382 -0.164532 
-0.382183 -0.335155 -0.469947 0.0283052 0.104907 -0.764934 0.0133587 -0.408406 0.116125 0.109871 
-0.21428 0.189554 -0.335173 0.0366939 0.296623 0.0721081 -0.0676733 -0.356299 -0.219535 0.311409 
0.218327 -0.292101 0.0167065 -0.157563 -0.395574 -0.171374 0.290136 -0.0315575 -0.121715 0.483418 
-0.0589747 -0.789952 -0.0437489 0.0594459 0.167423 0.140996 -0.201077 0.0805307 0.165169 0.0658805 
0.466916 -0.429083 0.200146 0.288016 0.0296396 -0.0510872 -0.183728 0.0530238 -0.319908 0.399844 
-0.312222 -0.376703 0.180513 0.237029 -0.191657 0.259062 -0.721531 -0.399289 0.415131 0.747971 
0.138461 -0.383496 -0.0327087 -0.0725717 -0.150788 -0.112686 -0.472826 -0.398802 0.0375101 0.174197 
0.0687203 -0.209691 0.130438 0.11107 -0.404068 -0.241431 -0.179211 -0.190663 0.100654 0.45333 
0.0884804 -0.0378099 0.158052 -0.154918 0.215595 -0.110038 -0.157205 -0.407025 0.105332 0.281712 
0.0338965 -0.178447 -0.0964319 0.331235 0.0303428 -0.128834 -0.0722743 -0.521196 0.177456 0.275702 
-0.017982 -0.0821874 0.395184 0.13542 0.132454 -0.0110304 -0.162233 -0.553281 0.0711906 -0.0737742 
0.397081 -0.162118 0.165994 0.057016 -0.111253 0.15494 -0.252545 -0.501722 0.462297 0.155712 
0.169885 -0.267351 0.0478578 0.0498753 0.292125 0.362178 0.28198 -0.534132 -0.199961 -0.188212 
0.0760414 0.249263 0.209306 0.205242 0.142776 0.078013 0.204374 -0.78033 0.371116 0.142886 
-0.191419 0.270031 0.0948983 -0.21576 0.122748 0.0557712 -0.23485 -0.246208 0.180666 -0.0720396 
-0.0951041 0.155741 0.194154 0.113957 -0.0224164 0.44587 0.226659 -0.183917 0.124071 -0.335042 
0.116127 0.50347 0.264614 0.201988 0.474531 0.190916 0.276185 -0.538717 0.0319163 -0.264081 
0.0137986 0.0991423 -0.07716 -0.0160252 0.198083 0.265995 0.457013 0.100162 -0.27223 0.0620954 
-0.506928 0.175543 0.229582 0.0927167 0.274822 0.597278 0.539874 -0.353758 -0.130771 -0.0180836 
-0.17611 -0.514141 -0.0914908 -0.466121 0.264694 -0.0526165 -0.0941283 -0.270024 0.48771 0.252753 
0.0112012 -0.212898 -0.131448 -0.366022 0.0621926 0.0334399 0.50385 -0.0521094 0.391572 -0.333058 
-0.128709 0.423271 -0.117352 0.0913616 0.149685 0.420632 -0.0570746 0.0795264 -0.297505 -0.258747 
-0.481526 -0.386722 0.406128 -0.128631 -0.351614 0.254135 -0.202346 0.304159 0.398169 -0.30565 
-0.437379 0.0690216 -0.00571086 0.202592 0.408762 -0.357918 -0.422941 0.11588 -0.429541 0.34972 
0.155969 -0.334491 -0.384609 -0.211695 0.474634 -0.325595 0.456512 -0.02765 -0.06661 0.406021 
-0.331374 -0.0861869 0.201297 0.517623 0.338857 0.330372 -0.137479 -0.061876 -0.180051 -0.421659 
0.286194 0.444521 -0.292851 0.54167 0.04766 -0.241486 0.148941 0.121138 -0.0923435 0.277501 
-0.41966 0.382654 -0.140144 0.197598 0.0143313 -0.104185 -0.301814 0.0577248 -0.535006 -0.119168 
-0.117401 -0.484181 0.0239101 -0.163063 -0.325442 -0.587887 -0.0825249 0.0133838 -0.462563 0.503153 
-0.0734428 -0.000778729 0.167286 0.106336 0.233195 -0.452184 -0.473254 0.151634 -0.173987 0.178848 
-0.444474 -0.246584 0.239655 0.0929153 0.295782 0.0983502 -0.112047 0.0676868 0.0344218 0.576199 
-0.727527 -0.302175 0.0475816 0.259115 0.0521507 -0.118995 -0.437035 -0.108082 0.122715 0.285611 
-0.197981 -0.172572 -0.0595412 0.0734628 -0.332174 -0.130885 -0.0699764 0.267442 -0.39023 -0.0511295 
0.0619198 0.174868 0.336988 0.0917902 0.220185 -0.106776 0.0415596 -0.039556 0.246842 0.637504 
-0.392061 -0.408454 -0.111687 0.239563 -0.295453 0.211961 -0.180502 0.231306 0.313206 0.418636 
-0.106064 -0.35683 0.00578716 0.171993 -0.375502 -0.312268 -0.420168 -0.148775 -0.0973091 0.391083 
0.284568 -0.263598 -0.27918 -0.11403 -0.67043 0.175652 -0.396418 -0.321178 -0.133378 0.207329 
-0.121187 -0.310306 0.322775 0.18719 -0.321932 -0.197137 -0.152741 0.139924 0.422831 0.545121 
0.207643 -0.293049 -0.0377737 0.141403 -0.313322 -0.0622154 -0.232059 -0.20559 -0.0124491 0.384883 
0.242863 -0.485635 -0.281885 -0.141833 -0.326788 -0.0777705 -0.0881179 0.298603 0.0139087 0.263017 
0.0886362 0.131315 0.0427414 0.379853 -0.171969 -0.100722 -0.328955 -0.0248094 -0.0517673 0.4925 
-0.0509602 -0.493488 -0.351396 -0.332452 -0.401393 0.141736 -0.454399 -0.143475 -0.0236541 -0.228974 
0.140671 0.134763 -0.0835097 0.0372132 -0.0612981 0.077083 0.270086 -0.226698 0.0354864 -0.0609555 
0.588835 0.0275363 -0.328562 -0.14856 0.15811 -0.0582649 -0.301468 -0.21158 -0.0362041 -0.0485426 
0.556651 0.338135 -0.306596 -0.194864 0.0380933 0.38027 -0.162625 0.229312 0.138691 -0.428774 
-0.208343 0.247136 -0.447547 -0.312379 0.880802 0.279752 -0.0809925 -0.153869 0.496853 0.0235929 
0.0755159 0.066477 -0.626628 -0.0962972 -0.171751 1.03717 -0.063358 -0.489147 -0.058976 -0.0446602 
-0.46795 -0.325139 -0.200721 0.210518 0.148319 0.0388179 0.257643 -0.110818 0.303479 0.330249 
-0.315709 0.121643 -0.334183 -0.20459 -0.0481327 0.474865 -0.137619 0.0387419 -0.442856 -0.405437 
0.427003 -0.18474 0.251554 -0.118971 0.0875105 0.243228 -0.0420197 -0.265276 -0.291624 0.475364 
0.233609 0.242561 0.398805 0.185537 0.214084 0.376067 0.313809 0.0644559 0.319385 -0.293843 
0.103757 -0.062549 -0.344386 0.292726 -0.129121 0.393896 -0.253591 0.483956 0.000591622 0.00716705 
-0.238966 0.0674328 0.16131 -0.295329 0.284089 -0.0881001 -0.272181 0.391898 0.343888 0.358 
-0.138848 0.179488 -0.420528 0.395939 0.287069 0.137816 -0.477602 0.0973326 0.416086 0.074176 
-0.487188 -0.351816 -0.0297309 -0.0903337 0.417721 -0.313471 -0.358035 -0.135762 0.325018 0.374619 
-0.455583 0.105699 0.291768 0.255273 -0.0642667 0.0770316 -0.0498556 -0.16145 0.0164267 -0.144618 
-0.218409 -0.459475 0.294716 0.265157 -0.117602 -0.199235 -0.644025 0.0571705 -0.563629 -0.0303476 
-0.218985 -0.624685 -0.538593 -0.107456 -0.0429186 0.19096 -0.344385 -0.136954 0.0513731 0.0329804 
-0.0395351 -0.577635 -0.0338419 0.0330635 -0.0557878 0.0461777 -0.0603358 -0.0702779 0.0239272 -0.0738727 
0.376597 -0.566739 -0.213712 -0.0175936 -0.0614019 0.0491076 -0.212577 -0.0209281 -0.20525 0.278177 
0.0198978 -0.469006 -0.0725227 -0.0240113 -0.0962491 0.0958971 -0.107439 0.368901 0.0770547 0.203252 
0.319086 -0.349302 0.0159983 0.0602296 -0.164995 0.218519 -0.152982 0.178727 -0.255012 0.266211 
0.180587 0.0102337 0.22359 0.215557 -0.311701 0.128482 -0.296455 0.0441494 0.08856 0.521164 
0.172462 -0.477241 -0.111972 -0.103951 -0.20967 -0.166578 -0.459892 0.215705 -0.0688987 0.684427 
0.111642 -0.191434 0.283088 0.272312 -0.162602 0.249925 0.0885215 -0.251276 -0.321152 0.663158 
-0.113142 -0.444368 -0.289685 0.316131 -0.598591 -0.378177 -0.406408 0.0912182 0.320723 0.477363 
-0.068667 -0.285069 0.0318281 -0.108879 -0.405655 0.223147 -0.463282 0.0777167 -0.137839 0.616464 
0.0441143 -0.212215 -0.224265 0.206991 -0.134024 -0.0786442 -0.213227 0.21317 -0.00415212 0.276019 
0.369943 -0.0916948 0.112917 -0.113944 -0.361053 0.143525 -0.215503 0.153869 0.115125 0.240693 
0.0944617 -0.00370672 -0.265316 -0.0688677 0.0480174 0.0574819 -0.401683 0.160912 -0.0759004 0.231811 
0.139355 0.19339 -0.231757 0.165491 -0.179669 0.104602 -0.569418 0.47693 0.104959 0.221045 
-0.16027 0.0814772 0.234517 0.0340102 -0.0590449 0.20834 0.104313 -0.00538584 0.0687424 0.0917116 
-0.301046 -0.263027 -0.105857 -0.0135434 0.240417 0.0425515 -0.17624 0.221458 -0.0943607 -0.316886 
0.326242 -0.141836 -0.191861 -0.548438 0.331318 0.357503 -0.269152 0.186175 0.374709 -0.455326 
-0.0688977 -0.671679 -0.365627 0.108904 0.26897 0.385135 0.35959 0.0190551 0.186827 -0.158354 
0.000854145 -0.586452 0.0684153 -0.295869 -0.175779 1.09013 -0.0693581 0.377366 -0.123804 -0.415422 
-0.470837 -0.364897 -0.485246 -0.283066 0.00161212 0.268047 0.243889 0.24443 0.324623 0.183607 
0.429952 -0.178824 -0.253753 -0.413794 -0.363949 -0.106965 0.289796 0.440117 0.115986 0.337195 
-0.409449 -0.305126 0.133943 0.186316 0.376461 0.0967743 0.289005 -0.212084 -0.252286 -0.249606 
0.0629273 0.29587 -0.135057 0.0499255 0.175745 -0.453975 -0.389952 0.0206674 0.135093 -0.0156773 
-0.272862 0.0932597 0.051654 0.124304 0.235328 -0.190691 0.407481 -0.41987 -0.0161358 -0.0816303 
-0.350389 -0.0868094 -0.0483081 -0.277424 0.383657 -0.417778 -0.374141 0.191533 -0.27525 0.337322 
0.181282 -0.0601903 0.0109263 0.24868 0.376663 -0.729162 -0.178279 0.421407 0.103882 0.0933702 
-0.123558 -0.0341149 -0.230234 0.115414 0.746728 -0.382883 -0.31309 -0.297769 -0.0030628 0.0752004 
0.0347332 -0.443382 -0.0264645 -0.471638 0.331838 -0.53045 -0.285645 0.462257 -0.188092 0.293922 
0.0525582 -0.326385 0.236209 -0.0644653 0.214955 -0.00991505 0.0757297 0.360748 0.178372 0.228904 
-0.570377 -0.345853 0.152948 -0.108438 -0.296082 0.0273932 0.0855195 0.28762 0.0904146 0.480131 
-0.251134 -0.774273 0.0474006 -0.0967117 0.0100346 -0.0296102 -0.396404 -0.0736553 0.0851361 -0.087113 
-0.212198 0.0228303 -0.0176334 -0.0862801 -0.318632 0.223753 -0.568348 -0.227852 0.248197 0.110136 
-0.584365 -0.785647 -0.259746 -0.0981594 -0.142762 -0.168927 -0.301827 0.272644 -0.38812 -0.0295929 
0.274377 0.044431 -0.0810194 0.028159 -0.263819 -0.110944 0.0230855 0.268532 0.205828 -0.0443219 
-0.48579 0.100264 -0.0929803 0.20962 -0.239478 -0.109284 -0.0159255 0.185806 0.193718 0.468934 
0.293307 0.111575 0.0638674 0.188106 -0.619065 -0.122971 -0.600676 0.126528 -0.132527 0.295717 
0.562847 -0.0911736 -0.0134725 -0.00396462 -0.109183 -0.0466135 -0.191993 0.115637 -0.140322 0.424278 
0.526201 -0.342681 -0.16039 0.227984 -0.243363 -0.122234 -0.506389 0.514992 0.274198 0.472927 
0.566021 -0.124214 -0.0662698 0.104948 -0.30181 0.195006 -0.202031 0.0905166 -0.0929081 0.32643 
0.195212 -0.0696019 -0.152025 0.369426 0.268438 -0.0948941 -0.561904 0.700806 0.0490873 0.0852512 
-0.196994 -0.247293 0.109952 0.445455 -0.257995 0.0816731 -0.869249 0.192279 0.338904 0.0200264 
0.36673 -0.538439 0.00409573 -0.0816371 -0.302158 0.233986 -0.186788 -0.116434 -0.201029 -0.298128 
-0.299233 -0.0322359 -0.0567634 -0.195153 0.0434559 0.0408316 -0.449526 0.047725 0.206813 0.00181654 
0.414608 0.0828456 -0.200984 -0.024811 -0.632443 0.301854 -0.74998 -0.0978261 0.131393 -0.383208 
0.578944 -0.150749 -0.1989 -0.145534 0.515761 0.539411 -0.0328679 0.3491 0.191304 0.230434 
-0.210099 -0.0784206 -0.260128 -0.582516 0.193097 1.33669 -0.695272 -0.52453 1.17586 -0.117253 
-0.1063 -0.00448286 0.128605 0.347965 -0.0496843 0.544111 0.155077 -0.459242 -0.0516462 -0.0623227 
-0.357095 -0.466357 0.338267 -0.458602 0.36714 -0.0878968 -0.575932 0.0117106 0.442459 -0.480609 
-0.145484 0.410986 -0.472951 -0.172128 0.355698 0.352441 0.265723 -0.0546016 0.34397 -0.351857 
-0.147524 -0.184795 -0.0787648 0.34366 0.4937 0.313776 0.461379 0.227868 -0.37482 -0.288211 
-0.117104 0.452634 -0.195612 0.120636 -0.215633 0.468934 0.492638 0.117421 0.251945 -0.476828 
0.31998 0.330543 0.295324 0.0835638 -0.292059 0.213839 0.0983363 -0.107023 -0.295384 0.299294 
-0.514065 -0.506498 -0.236248 -0.317021 0.346017 -0.192031 0.294932 -0.0240886 -0.391662 -0.135801 
-0.0250843 -0.0670208 0.178924 0.418791 -0.281438 -0.516392 0.104486 0.498843 -0.15211 0.715576 
-0.182158 -0.0388176 0.484553 0.413656 -0.260442 -0.522152 -0.470741 -0.243896 0.32157 0.162616 
-0.529713 -0.187527 -0.196513 0.188529 -0.207452 0.161316 -0.0139244 -0.119504 0.547231 0.608192 
-0.238502 0.0167386 -0.089095 0.504413 0.0063134 -0.285296 -0.0952341 0.332535 -0.0735732 0.310202 
0.0689969 -0.00474041 -0.0432534 -0.190975 0.0337242 0.332123 -0.188264 -0.227683 0.34239 -0.0409165 
-0.0449771 -0.344264 -0.284393 0.168932 -0.106285 -0.130443 -0.305849 0.321922 -0.0861962 0.243603 
0.316609 -0.52347 0.51168 -0.296704 -0.108827 -0.136013 -0.116484 -0.246903 0.0531194 0.352004 
0.0430003 -0.0474747 -0.028157 -0.349377 -0.0169796 0.574397 -0.336616 0.240572 0.246903 0.322828 
-0.13632 -0.512457 -0.144949 -0.246989 -0.154898 0.0560294 -0.630597 0.274442 -0.249535 0.295525 
0.360744 -0.206468 0.112017 -0.219252 -0.290855 -0.0162225 -0.256063 -0.0397625 0.183271 0.00587365 
-0.405068 0.1485 0.155749 0.205209 -0.427746 -0.470681 -0.42322 0.444271 -0.339913 0.492829 
-0.224901 0.504793 0.218005 0.535029 -0.758308 -0.237541 -0.311662 0.441859 -0.439963 0.333505 
0.0233615 0.498861 0.37869 0.267725 0.0781366 -0.560395 -0.725683 0.386948 -0.0813411 0.0365166 
-0.148078 -0.324569 -0.323627 -0.0811643 -0.121956 -0.373009 -1.14465 0.394442 -0.116971 -0.0626257 
0.440944 -0.0711017 -0.032114 -0.0774652 -0.156399 0.0303727 -0.571721 0.314631 0.0709359 0.283211 
0.244165 -0.139147 0.189688 0.0708791 0.31245 -0.0461021 -0.455444 0.320014 -0.109903 0.108857 
0.205545 -0.423967 -0.154954 0.251569 -0.0691027 -0.145697 -0.704504 0.171196 0.107948 0.0493293 
-0.192188 -0.091403 0.189591 0.647755 0.0836502 0.334495 -0.125383 0.248558 0.151467 -0.0552776 
0.343702 -0.407279 0.0148794 0.616248 -0.0637373 0.135793 -0.343445 0.0558429 0.204668 -0.179739 
0.309614 -0.784667 0.0360759 -0.340065 -0.0534143 0.813161 -0.354294 0.36593 0.333407 -0.361319 
0.548029 -0.615404 -0.0618821 -0.099171 -0.544168 1.26258 -0.00113675 -0.0774027 0.273315 -0.621648 
-0.0959486 0.00475387 -0.413496 -0.446983 0.157008 1.19709 -0.146719 -0.385006 0.0211204 0.177476 
-0.55242 -0.30085 0.00288642 -0.449345 0.234662 0.272397 -0.190748 0.494396 -0.100155 0.372353 
0.389099 0.420888 0.270829 0.0327229 -0.124597 -0.310912 0.10798 0.334888 -0.0439288 -0.0782544 
0.0984847 0.3127 0.363566 0.340569 -0.0894472 0.0211528 0.463621 -0.321003 0.401501 0.036428 
0.248486 -0.281051 -0.196236 -0.254567 0.130774 -0.41733 0.10063 0.226822 0.389776 -0.064036 
0.114607 0.421553 -0.146423 -0.221851 -0.522346 -0.497943 -0.308611 0.331501 -0.299878 0.570271 
-0.0381657 -0.429786 0.189686 0.0872854 -0.207524 0.100901 0.0664346 0.466867 -0.368666 0.551609 
-0.0458637 0.235421 -0.221065 0.37796 -0.283052 -0.508611 -0.0320653 0.0297035 -0.234767 0.195277 
0.236172 -0.0584731 -0.0652078 -0.428993 -0.153666 -0.12316 0.190463 0.590745 0.186894 0.383972 
-0.269648 -0.487061 0.345918 0.213254 0.0920485 0.164837 -0.658315 -0.166335 0.0986784 0.242127 
0.0734556 -0.534843 0.0654308 0.0718338 0.252836 0.357828 0.428909 0.318756 0.35615 0.545575 
0.0683017 0.0402032 0.0995427 -0.0402952 0.0450438 0.267067 0.0300938 0.0388418 0.184234 0.738591 
0.191799 -0.343783 -0.152668 -0.525065 0.26341 0.494909 -0.0333771 0.0391842 0.450898 0.227731 
-0.458702 0.250906 -0.218271 -0.424771 -0.135049 0.19898 0.0557298 0.0152978 0.147627 0.236771 
0.322366 -0.0396485 0.0421985 -0.451084 0.0187348 0.200938 -0.127836 -0.117849 0.301171 0.147052 
-0.0285472 -0.0213312 -0.143635 -0.779331 0.258927 0.146226 -0.205734 -0.468705 0.0757195 0.258532 
0.178149 0.289873 -0.666812 -0.0331952 -0.184418 0.127392 -0.370913 0.142784 -0.224871 0.0186188 
0.00339926 0.255378 -0.161352 0.12502 -0.964497 0.122271 -0.393247 0.287584 0.052607 -0.0730323 
0.0569397 0.430449 -0.531802 -0.0735685 0.278742 -0.313228 -0.275601 0.258746 -0.531011 0.116359 
0.111199 0.138297 -0.0193626 0.0623866 -0.278635 -0.188944 -0.588351 0.389864 -0.363134 0.00414045 
0.403167 0.368775 0.334499 0.26064 -0.114671 -0.46138 -0.258844 0.344468 -0.274953 -0.0213815 
0.345256 -0.15996 0.231091 0.415709 0.338295 -0.370572 -0.410107 0.373712 0.259186 0.00618811 
0.199158 0.170387 0.014526 0.276068 -0.285866 -0.288282 -0.119449 0.354238 0.462287 0.0911788 
-0.202704 -0.668359 -0.261601 0.0973574 0.0391181 -0.144275 -0.297829 0.344305 0.116817 0.0131117 
0.314948 -0.471624 -0.275359 -0.193277 -0.243481 0.0186565 -0.35424 0.590562 0.0507906 -0.21122 
-0.0628273 -0.470048 -0.133434 -0.0783465 -0.0717752 -0.0837412 -0.588678 0.321012 0.310344 0.034127 
0.296279 -0.368761 -0.103258 0.299036 -0.0788447 0.698777 -0.48851 0.223934 0.348569 -0.326706 
0.650172 0.301843 -0.63228 -0.323995 -0.205838 1.62638 -0.00123833 -0.295402 0.44671 -0.1118 
0.0742086 0.0211309 0.0240932 0.445971 -0.37347 1.62914 -0.178065 -0.250358 -0.090086 -0.217266 
0.0720521 0.401382 -0.289138 -0.163862 -0.252336 0.389741 -0.00808924 -0.00181048 0.0143479 -0.535295 
0.148828 -0.434354 -0.230864 -0.387944 0.427691 -0.311029 -0.0833991 -0.120295 -0.416439 -0.101899 
0.400393 0.175811 0.178026 0.243427 -0.332734 0.264678 0.243081 0.350774 -0.049503 -0.39966 
0.358034 0.395751 0.161236 -0.118245 0.466369 0.0957633 -0.0517586 -0.218942 0.100471 0.26906 
0.328557 0.172617 -0.0929049 -0.4577 -0.0332673 -0.23474 -0.270768 0.0574446 -0.128158 0.189878 
-0.074595 -0.261303 0.264869 0.0205214 -0.161637 0.127754 -0.489942 -0.00542129 -0.432147 0.179381 
-0.311659 0.236854 0.198269 0.302416 -0.2414 -0.000805777 0.282628 0.0501404 0.211132 0.189209 
0.157848 -0.227612 0.167832 -0.506121 0.29514 0.190699 -0.0953074 0.146509 0.00563097 0.301885 
0.161035 0.144509 -0.358249 -0.385503 0.0385521 -0.0100429 -0.212849 -0.120259 0.239254 0.289859 
-0.207057 -0.298953 -0.599016 -0.976631 0.257737 -0.00967566 -0.204931 0.211067 0.342754 0.316038 
0.268115 -0.239525 -0.116192 -0.293962 0.216125 0.452363 0.119328 0.10809 0.40752 0.503271 
-0.13806 -0.136682 -0.226779 -0.429067 0.374198 0.132744 0.0344125 0.120316 0.306636 0.410926 
-0.177732 -0.244143 -0.863708 -0.68717 0.54923 0.0223076 -0.158355 -0.0307354 0.152997 0.388164 
-0.284854 -0.454534 -0.794863 0.0252608 0.122806 0.190845 0.0744728 0.245882 0.195752 0.552507 
-0.406287 -0.239669 -0.527152 -0.22338 0.30504 0.127175 -0.16895 -0.164823 0.0455684 0.0879967 
-0.412118 0.19628 -0.708863 0.151814 -0.637766 0.339929 0.323637 -0.106558 0.487564 0.355102 
-0.226904 0.76663 -0.315604 0.255109 -0.883117 0.182816 -0.495698 0.529546 0.420347 0.0788201 
-0.449633 0.739909 -0.0355606 0.45313 0.123612 -0.0884139 -0.520134 0.607431 0.270484 0.234828 
-0.812151 0.126782 -0.291313 -0.00231372 0.602389 -0.0943859 -0.0162675 0.733492 -0.237913 0.633127 
0.158454 -0.160922 -0.47139 0.349281 0.222321 -0.341192 -0.576787 0.134463 -0.135355 0.363472 
-0.172416 0.121561 -0.24387 -0.168231 -0.145382 0.0705746 -0.44811 0.793075 -0.139663 0.444938 
-0.0168251 -0.541235 0.262715 0.314153 0.174538 -0.632329 -0.18359 0.402441 -0.146355 0.116157 
0.561637 0.00629013 0.0764724 0.252517 -0.193432 -0.520945 -0.310895 0.513609 0.0429819 0.495286 
-0.0362507 -0.0780696 0.189085 0.124311 0.106567 -0.7074 -0.048861 0.306815 0.0949893 0.386048 
0.279583 -0.646147 -0.278639 -0.0790385 -0.476375 -0.527425 0.157522 0.0499587 0.06169 0.0584083 
0.535379 -0.0614421 0.172335 -0.0765103 -0.649947 0.330232 0.512247 -0.477014 0.0615714 0.00264337 
0.219752 0.242641 -0.219462 -0.415378 -0.660258 0.53322 -0.266909 -0.497186 0.60682 -0.0624407 
-0.170776 -0.11663 -0.284795 0.270834 -0.244428 0.674473 -0.178364 0.065913 -0.163299 -0.536786 
0.105179 -0.485557 0.279528 -0.4241 -0.479252 -0.0258069 -0.0569737 -0.474463 0.521288 -0.192752 
0.368568 0.209677 -0.1369 0.36478 -0.0447201 -0.344338 -0.349293 0.50131 0.236956 -0.193612 
-0.228553 -0.372453 -0.105124 -0.0731779 -0.476802 -0.364078 -0.35681 0.00751716 0.0616193 0.334438 
0.31677 0.446474 0.0873153 -0.304939 0.032711 0.302093 0.416598 0.595356 0.189682 -0.314661 
-0.0462916 -0.314758 0.0803865 -0.180326 -0.57003 -0.447702 -0.380952 0.389045 -0.402379 0.323795 
-0.0277698 -0.424847 -0.310551 0.0607404 -0.0730681 0.227464 0.022776 0.27498 0.0973062 -0.0248822 
-0.0992864 0.166008 -0.146187 0.0771275 -0.382993 -0.0338231 -0.229417 0.0965534 0.304333 0.7996 
0.0717893 -0.194264 -0.50929 -0.523014 -0.193489 -0.44283 0.165882 -0.151622 0.151983 0.307308 
0.378787 0.254534 -0.539083 -0.445289 -0.0252467 0.258616 0.360441 0.0494244 -0.338572 0.655154 
0.104709 -0.526745 -0.721487 -0.00767274 0.17633 -0.0399575 0.563059 -0.169985 0.19834 0.288931 
-0.223758 0.238833 -0.623085 -0.503049 0.853834 0.212944 0.51114 0.575695 0.0973141 0.530953 
-0.277119 -0.456542 -0.771609 -0.143373 0.219095 -0.309082 0.0518261 -0.164535 0.130133 0.463043 
0.086117 -0.601491 -0.725235 0.082131 0.394085 0.259884 0.0427402 -0.0972562 -0.325188 0.16965 
0.117196 -0.188374 -0.211335 -0.122892 0.612979 0.132978 0.0941833 -0.0149747 0.115175 0.398472 
0.100754 -0.13743 -0.905698 0.0995338 0.967484 0.265754 0.341095 -0.832727 -0.0567426 -0.249217 
-0.134733 0.252561 -0.410786 0.0824937 0.0049956 0.323141 0.371863 -0.932469 0.541356 0.216501 
-0.568033 1.10384 -0.411342 0.452981 -0.294215 0.00379381 0.0335892 0.0210547 0.181567 0.195843 
-0.76975 0.558374 -0.666542 0.171058 0.290189 -0.157586 -0.49579 0.381375 0.184122 0.224572 
-0.889222 -0.272253 -0.220321 -0.0613998 0.229248 -0.284608 -0.314844 0.400308 -0.146272 -0.00736379 
0.166999 -0.148607 -0.395929 0.00596672 -0.0783002 -0.435536 0.142122 0.569187 -0.0438324 0.251363 
-0.274964 0.318901 -0.150626 0.272661 0.105561 -0.344185 -0.289212 0.210704 -0.0452169 0.340261 
0.0460633 0.0435545 0.158271 -0.188566 0.15098 -0.298231 -0.34477 0.102666 0.288901 0.531595 
0.0402619 0.150512 -0.393494 0.00436022 -0.109664 -0.169935 0.100208 -0.0644448 0.19162 0.350045 
0.285277 -0.1609 0.339523 -0.586388 0.232954 -0.790383 0.106676 0.28345 0.463181 0.461364 
0.136578 -0.222532 -0.334153 -0.251053 -0.152866 -1.29055 0.278784 0.154751 0.652243 0.174072 
0.600917 -0.465067 -0.269809 0.0303121 -0.18001 -0.894945 0.545273 0.0261553 0.801327 -0.0019431 
0.296546 -0.431117 0.200661 -0.216321 0.00702415 -0.449708 0.262334 -0.370798 0.623834 -0.0753372 
0.305104 -0.287084 0.0915795 0.39469 0.34347 0.316972 0.0934528 -0.187968 0.163861 -0.534471 
-0.175646 -0.402702 0.312285 -0.43972 -0.515093 0.0449802 -0.102307 0.16879 0.135563 -0.131685 
-0.20707 -0.312926 0.163157 0.306707 0.0783347 -0.349127 0.165311 0.0303267 -0.312098 -0.218142 
-0.13527 -0.258075 0.214881 -0.326512 0.332605 -0.250345 0.409598 0.294344 0.380206 0.0111452 
-0.390587 -0.245365 0.30868 0.168645 0.209946 -0.0280061 0.364052 -0.0942695 0.2025 -0.327953 
0.381232 -0.386556 0.178287 -0.090249 -0.475675 0.408762 -0.0554216 -0.273475 0.403028 0.405332 
-0.347202 0.0886158 0.129796 -0.201896 0.066577 -0.504315 -0.165173 0.0264899 0.0395835 0.194564 
-0.591145 -0.404012 -0.862936 -0.287035 0.282171 -0.290654 -0.510749 0.785211 -0.42257 1.13735 
-0.505755 -0.308362 -1.16017 -0.514806 0.185641 0.117786 -0.0168775 0.462376 0.276829 0.725383 
-0.165675 0.269991 -1.28786 0.0311635 0.20374 0.345438 0.124976 -0.0110203 0.11561 0.174174 
0.393414 -0.360706 -0.725461 -0.572974 0.171061 0.0921487 -0.0777937 -0.0999501 -0.247846 0.136852 
0.017259 0.214726 -0.595639 -0.186248 0.424161 -0.0696457 -0.0867116 0.0421464 0.0282148 0.615205 
0.337437 0.0744091 0.0245586 0.0899271 0.38092 0.336756 0.193881 -0.0642271 0.192068 0.114104 
0.296911 -0.46191 -0.144623 -0.0513822 0.565346 0.187832 0.288274 -0.162712 -0.164851 0.122071 
-0.14823 -0.405777 -0.200102 -0.368939 0.298297 0.257838 -0.200866 -0.538387 0.0534337 -0.113196 
0.334033 -0.311431 0.00996569 -0.0199375 0.55549 0.296734 0.0961339 -1.03115 0.180888 -0.121908 
-0.54609 0.493878 0.311995 0.571324 -0.336696 0.307952 -0.177931 -0.831714 0.547623 -0.0669198 
-0.682793 0.491676 -0.0396564 0.227445 0.0473704 0.0975285 -0.226188 0.0775376 0.109774 0.441722 
-0.825082 0.538895 -0.122559 -0.144282 0.255561 -0.312245 0.28086 0.0118854 0.288772 0.169166 
-0.763741 0.31246 -0.322821 0.0869144 0.0668053 -0.577639 -0.161689 0.133353 0.157071 0.33873 
-0.117778 -0.0860642 -0.0247791 0.0218971 0.161424 -0.355657 -0.556685 0.0203947 -0.324367 0.0320235 
-0.369375 -0.542143 -0.382531 -0.054502 0.0930821 -0.351084 -0.0350824 -0.304658 -0.072052 0.117494 
-0.194025 -0.702744 -0.233886 0.0289269 -0.188534 0.015951 -0.312198 -0.247361 -0.130462 0.0951309 
-0.0819314 -0.0685655 0.222622 -0.272549 0.516668 -0.277719 0.193806 0.207041 0.249483 0.311613 
0.20235 -0.473264 -0.201908 -0.278153 0.535625 -0.0593255 0.0285267 0.0141741 -0.0051811 0.596311 
0.412544 0.171027 0.170632 -0.492932 0.2462 -0.40871 0.343568 0.251638 -0.0621996 -0.0971387 
0.613875 0.295384 -0.116199 -0.40038 -0.028569 -0.936129 0.811143 -0.225934 0.00168933 -0.355854 
0.220366 -0.341937 0.630001 -0.426896 -0.492443 -1.06198 0.565967 -0.0910539 0.266697 -0.285774 
0.125672 0.122602 0.610053 0.420383 0.349901 -0.141161 -0.226963 0.27393 0.408947 -0.397109 
0.383889 0.0626888 -0.0503323 -0.0341089 -0.0537001 -0.471474 -0.544453 0.0123393 0.372732 0.377365 
-0.362818 0.0314979 0.271221 0.106463 0.0325205 0.0986884 -0.36414 0.402663 0.132845 -0.150554 
0.267954 0.247726 0.206599 -0.453729 -0.33466 -0.196789 -0.350797 0.082542 -0.0029369 -0.420988 
0.354418 0.0781073 -0.0443226 0.374666 0.413765 -0.23266 0.4244 -0.0637825 -0.23987 -0.306324 
-0.448291 0.172755 -0.323862 0.110782 -0.134616 0.236067 -0.111248 -0.314074 0.25615 0.0263823 
-0.169797 0.1415 -0.0136404 0.354361 -0.0880453 -0.299574 -0.399989 0.12429 -0.512643 0.636023 
-0.00587551 -0.298297 0.0260247 -0.456243 0.671013 0.485834 -0.00413119 -0.181519 -0.349498 0.418617 
0.549222 -0.433753 -0.28635 -0.253777 0.278596 0.145134 -0.122796 -0.175527 0.0752293 -0.154013 
0.184876 -0.501746 -0.30999 -0.665149 0.53889 -0.504858 0.178741 -0.282526 0.0790684 0.139889 
0.520174 -0.621028 -0.129974 -0.370482 0.687076 0.220857 0.288113 0.105447 -0.118538 0.407665 
0.421858 0.278674 0.351924 0.16673 0.0945177 0.0906044 0.150764 -0.316636 -0.321607 -0.224285 
0.304724 -0.352677 -0.170157 -0.0138323 0.496005 0.25578 0.655196 -0.400981 -0.203992 0.189493 
-0.0777953 -0.937096 0.144227 -0.342405 0.229605 0.174608 0.258994 0.152759 0.0378643 0.239851 
0.140003 -0.881353 -0.135439 -0.162872 0.425696 -0.0470865 0.49451 -0.93743 0.11853 -0.225744 
-0.0671467 0.284819 -0.106717 -0.01581 0.102489 -0.135217 -0.0306439 -0.823873 0.131094 -0.0944846 
0.0510324 0.24145 0.127235 0.0310068 -0.0696862 0.220145 0.301538 -0.974775 0.47188 0.149574 
-0.841399 0.328693 0.0730881 0.00796558 -0.249703 -0.425382 -0.377172 -0.244648 0.00138366 -0.269638 
-0.631331 0.470994 -0.243791 -0.0305429 0.100034 -0.175961 0.237127 -0.184562 0.0535993 0.103501 
-0.751042 0.311083 -0.116984 -0.0538908 0.342054 -0.316663 0.20665 0.106394 0.0689047 0.136808 
0.0497562 -0.0694204 -0.39296 0.0983755 0.296809 -0.118281 -0.309476 0.100891 -0.037355 0.138672 
-0.0653224 -0.107548 0.0508622 -0.185137 0.286378 -0.274757 -0.143573 0.691563 -0.207642 0.109989 
0.136521 -0.303545 -0.0642699 -0.156538 0.430934 -0.286059 -0.322671 0.473132 0.0136533 -0.0215135 
-0.182009 -0.194682 -0.174867 -0.624505 -0.147324 -0.0685558 -0.0854731 0.354221 -0.367936 -0.218978 
-0.0409502 0.0402 -0.219842 0.0697904 0.0847607 -0.0490239 0.188153 0.27575 -0.135871 0.205892 
0.0491755 -0.235397 0.0779301 -0.336022 0.435013 0.291043 0.534174 0.096466 -0.3291 0.213675 
0.314803 -0.509977 0.354148 -0.0762285 -0.121482 0.164527 0.62908 0.56364 -0.265047 -0.534341 
0.679169 0.358473 0.437494 0.290566 -0.359326 -0.153151 -0.0894757 0.240917 -0.084506 -0.978922 
0.517133 -0.436541 0.81996 0.310374 0.329702 0.0558751 0.0631325 -0.349763 -0.0708267 0.118797 
0.433632 0.155713 0.738907 -0.0469699 0.056827 -0.418938 -0.165275 0.348384 -0.263511 0.395909 
0.210972 -0.0732767 0.340673 -0.0687834 -0.0661723 -0.0601517 0.448951 -0.223934 0.306829 0.40021 
-0.338324 -0.238137 -0.476572 -0.378601 0.210588 0.421291 0.117111 0.0578154 -0.369328 -0.193361 
0.291466 -0.316018 0.151881 0.142862 0.227799 -0.306731 -0.0357795 0.239113 0.283248 0.288541 
-0.497505 -0.00350325 -0.438522 -0.360379 0.0596534 0.0680038 -0.269914 -0.0965514 0.34796 0.433242 
-0.37328 0.45249 0.015066 0.21257 -0.0254523 -0.1253 0.282432 0.588153 0.360265 0.450184 
0.124053 0.206688 -0.24504 0.322941 0.670155 0.201796 -0.0215139 0.151258 -0.313728 0.477416 
0.515156 0.346487 0.40489 0.140009 0.662023 -0.571236 -0.112207 0.133633 -0.551103 0.663357 
0.0475767 0.0942466 0.0676175 -0.105461 0.00113412 -0.168128 -0.0617653 -0.048082 -0.616358 0.236037 
0.239078 0.0200453 0.147921 -0.271913 0.244854 -0.402369 0.371742 -0.140704 -0.382674 0.217989 
0.556498 0.105079 -0.0910649 -0.500132 0.50985 0.222416 0.230023 -0.0512716 -0.0680067 0.428809 
0.600196 -0.106444 0.141186 -0.0845809 0.575025 0.22839 0.102578 -0.186844 0.13198 0.128487 
0.0936073 -0.179201 0.0414488 -0.07057 0.19215 0.32877 0.329432 -0.134211 0.0117169 0.170969 
0.0752396 -0.112587 0.224775 0.0368074 0.59026 0.112551 0.420602 -0.698671 0.0942401 0.183565 
0.456876 0.0899091 0.113487 0.181071 0.454258 0.279716 0.359891 -0.465139 0.236809 0.000793903 
-0.673644 0.811329 0.138962 0.211427 -0.419484 -0.0319757 0.124984 -0.226056 0.488685 -0.169857 
-1.11174 0.959995 0.248324 0.231809 0.300316 -0.167193 0.219254 -0.385447 0.550142 -0.0256655 
-0.571931 -0.315709 -0.0644244 0.218687 0.349802 -0.168662 -0.0848403 0.266504 0.0773451 0.208893 
-0.947707 0.150523 0.224073 0.0873859 0.593918 -0.226157 -0.122125 -0.134635 -0.0387788 0.232327 
-0.271671 -0.484388 -0.0632195 -0.222981 0.528052 -0.226241 -0.142164 0.784209 -0.0536958 0.379113 
-0.210743 -0.648867 -0.111886 0.146283 0.0762608 0.111504 0.121317 0.796099 0.177594 0.127412 
-0.242161 -0.814097 -0.225417 0.0247424 0.313654 0.106143 0.0403747 0.454812 -0.283528 0.128737 
0.25226 -0.425459 0.0458425 0.518343 0.135006 -0.351082 0.306184 0.474226 -0.202413 -0.0781747 
0.202716 0.0931563 0.0863202 0.397974 -0.226758 0.117975 0.31926 0.754147 -0.0484081 -0.0773614 
0.457014 0.252641 0.0407319 0.692958 0.48656 -0.20822 0.120411 0.861131 0.131252 -0.452302 
0.672455 -0.0305092 -0.280458 0.0497433 0.0386406 -0.0831021 0.307109 0.419711 0.103816 -0.793074 
0.642744 0.243786 0.709461 0.0054529 -0.547559 0.157983 0.472634 -0.136471 -0.253188 -0.639312 
0.278739 -0.0644084 0.486153 0.171241 -0.416127 -0.493401 -0.276036 -0.168567 0.219245 -0.162275 
-0.0285899 -0.115077 -0.0499528 -0.28211 0.419941 -0.344737 -0.126241 0.370872 0.30467 -0.461488 
-0.430228 -0.22285 -0.348562 -0.287614 0.10315 -0.209824 -0.134887 0.115732 0.161635 0.12294 
0.187052 0.00910671 -0.122163 0.481941 0.323355 0.081269 -0.16608 0.44814 -0.227158 0.433388 
0.493427 0.303141 -0.393325 -0.28154 0.199412 0.247655 0.429052 -0.0149351 0.0363132 -0.0883925 
0.0570635 0.19674 0.0816811 -0.135689 0.23201 0.458973 0.321319 -0.492844 -0.17232 -0.153094 
-0.325736 -0.0970962 0.0660939 -0.159064 -0.00158721 0.191268 0.346096 0.0146965 -0.297829 -0.102587 
0.1686 0.113725 0.715739 0.0887599 -0.399217 -0.281601 -0.429277 -0.233546 0.26791 0.592773 
0.224462 -0.47714 0.21752 0.219451 -0.195661 0.211692 0.347223 0.104359 -0.566743 0.330485 
-0.137902 -0.355815 0.0668057 -0.10593 -0.0534049 -0.00424607 0.343456 0.156526 0.122151 -0.238472 
0.247105 -0.65052 0.43666 -0.268749 0.674971 -0.413126 0.420013 -0.11793 -0.0378496 -0.0315976 
0.339096 0.191147 0.00461356 -0.169658 0.431918 -0.0681595 0.540114 -0.0760897 0.231859 0.281241 
-0.00361428 -0.230259 0.391736 0.111705 0.193948 -0.35094 0.37136 -0.264869 0.114044 -0.17335 
0.652628 0.0434355 0.221356 -0.164428 0.0163594 -0.135697 0.496951 -0.730113 0.0230123 -0.0548367 
-0.00216075 -0.206489 -0.00811185 0.0496447 0.0897646 -0.0674954 0.673387 -0.511485 0.133822 0.290186 
-0.514924 0.11492 0.512466 -0.182951 -0.160076 0.105313 -0.0793033 -0.336751 0.445952 -0.247865 
-0.496108 0.0439535 0.307171 0.382806 0.156598 -0.1873 0.209825 -0.15106 0.0625926 -0.158083 
-0.886095 0.745051 0.220958 0.0149999 0.144114 -0.311039 0.181637 -0.265959 0.101257 -0.274694 
-0.00302134 0.203825 -0.199527 -0.320076 0.507376 -0.125366 0.141093 -0.0995808 0.0854284 -0.044938 
-0.308954 0.191471 0.0601587 -0.546475 0.129384 -0.581871 -0.0219662 -0.000297131 -0.03755 -0.251009 
0.178849 -1.09541 0.159231 0.0838718 0.14579 -0.0570928 -0.29151 0.324249 -0.137815 -0.120445 
0.275062 -0.619016 0.169596 0.173816 0.359 -0.22561 0.0963011 0.168464 -0.305706 0.141457 
0.0652057 -0.440794 0.390835 0.442237 -0.0985647 0.119222 0.246662 0.387635 -0.00529682 -0.334212 
0.433851 -0.0122706 -0.423468 0.164647 0.0599972 0.402721 -0.0678178 -0.152645 -0.457888 -0.338774 
0.262244 -0.589705 0.376435 0.0509426 0.017468 -0.117476 -0.064095 0.31486 -0.612785 -0.306732 
0.0498548 0.32989 0.232833 0.0856002 0.134248 0.451679 0.0142552 -0.074375 -0.308798 -0.480815 
0.127483 -0.167592 -0.0880652 0.363249 -0.575456 0.511008 0.11287 -0.375396 -0.474951 -0.501409 
-0.310581 0.221462 0.429869 -0.0909125 -0.596894 -0.301487 -0.165399 0.30915 -0.536485 -0.159901 
-0.494956 -0.225159 0.597841 -0.14037 -0.279192 -0.150928 -0.173546 -0.565095 -0.0778128 0.143937 
0.215441 -0.329218 0.785994 0.0536663 -0.236628 -0.25567 0.318947 0.0632798 0.282155 0.397298 
0.332569 0.230297 -0.424349 0.0300643 0.331727 0.263691 0.0816632 0.337406 0.486573 -0.0819731 
-0.282477 0.35163 0.387829 0.252552 -0.101125 0.189751 0.328647 0.276356 0.209312 0.27292 
-0.127041 -0.488469 -0.221097 -0.155763 0.155682 0.436267 0.335954 -0.0606248 0.0574455 0.165606 
0.377969 -0.429679 -0.108685 0.428095 0.143556 -0.40554 -0.283878 -0.335681 -0.06525 -0.454291 
-0.151915 -0.365976 0.376893 0.131941 0.0494871 0.268829 -0.0399304 0.0426827 -0.399138 0.518237 
-0.0746096 0.13079 0.209322 0.182501 -0.12828 -0.228025 -0.273841 0.337465 -0.359655 0.252024 
0.217209 -0.377671 0.334882 -0.0485307 -0.0250757 -0.074303 0.0464211 -0.125701 -0.369854 -0.565647 
0.530328 -0.559413 0.229341 -0.181002 -0.12867 0.186753 -0.109702 -0.64033 -0.383739 -0.246249 
0.122024 -0.68585 -0.295952 -0.16021 -0.0302374 -0.486829 0.00108757 -0.103308 0.130103 0.421591 
0.243511 -0.268843 0.156803 -0.160451 0.520846 -0.0880337 0.445555 -0.0616889 0.108407 0.0909484 
0.538579 -0.0893403 -0.00296019 -0.606457 0.137869 -0.235896 0.474501 -0.0750583 0.349939 0.309093 
0.445697 0.286191 0.72745 -0.488131 0.121717 -0.0886657 0.772129 -0.543385 0.27946 0.116225 
0.271232 2.99336e-05 0.273694 -0.266815 0.0931062 -0.218991 0.73569 -0.150687 0.381417 0.0251316 
0.0188488 0.320779 0.560679 -0.0528307 0.0679602 -0.486691 0.267212 -0.0906972 0.469199 -0.0526141 
-0.635315 0.244911 -0.0129936 -0.445579 -0.102807 -0.642518 -0.258596 0.205516 -0.00931794 0.0360268 
-0.946565 0.617635 0.11166 -0.340891 0.771875 -0.214277 0.312677 -0.0854997 0.121064 -0.202054 
-0.303362 -0.178508 0.195906 -0.236062 0.192514 -0.251468 -0.121302 0.314146 -0.260729 0.0449471 
-0.285695 -0.76423 0.111881 -0.0171083 0.391849 0.164565 -0.143491 -0.260053 0.130192 0.00596107 
-0.115154 -0.453629 -0.504701 0.0939745 -0.0684274 -0.0382306 -0.135486 -0.154836 -0.285633 -0.0724023 
-0.326035 -0.286014 0.126262 -0.2081 -0.0305082 0.330113 -0.0709604 -0.165707 -0.372836 -0.500689 
0.333763 0.00702065 -0.272434 0.368849 -0.116321 0.0298312 0.113977 0.11161 -0.461345 -0.453656 
0.146169 -0.568605 0.15682 -0.134726 0.194998 -0.244421 -0.26456 0.508267 -0.0136281 -0.627884 
-0.191016 -0.0953279 -0.187742 -0.0774706 -0.101649 0.229456 0.176404 -0.2382 -0.133609 -0.466046 
0.605812 -0.197911 0.444779 0.426516 -0.229586 -0.227797 -0.351542 0.254977 0.0698532 -0.264362 
-0.173842 -0.291965 0.0321261 0.715845 -0.0198875 0.106724 0.381802 -0.00604843 0.245675 -0.542765 
0.424676 -0.143277 0.694363 0.117134 0.00288168 -0.0408854 -0.106665 0.16497 0.172631 -0.812621 
0.0456183 -0.254323 1.25761 0.0271894 0.00995696 -0.155783 0.206618 0.213677 0.142771 -0.0231078 
-0.00564269 0.455462 0.399047 0.0271828 0.342241 -0.421111 0.0479306 -0.346191 -0.205132 -0.429874 
0.432809 -0.207846 0.506338 -0.218936 -0.0768433 -0.370804 -0.0651712 -0.124763 0.313538 0.46629 
0.0597208 -0.475322 -0.221149 0.401906 0.362114 -0.166361 -0.215688 -0.334585 0.305786 0.12954 
-0.323125 0.263903 -0.488766 0.0274246 0.0674815 -0.02172 -0.292788 -0.016909 0.143739 -0.243655 
-0.274206 0.0173485 0.249919 0.262333 -0.259096 0.305965 0.452594 0.356593 -0.354685 -0.507543 
0.0876092 -0.42656 0.358439 0.454529 -0.415283 0.346812 -0.0562596 0.390527 -0.0900199 0.0113264 
0.0357232 0.333491 0.272267 0.134864 -0.0983367 0.193995 -0.71339 -0.594415 -0.535576 -0.211653 
-0.0546631 -0.261514 0.529908 0.316452 -0.231646 -0.0881195 -0.552631 0.109828 -0.21194 -0.449403 
-0.177667 -0.853085 0.214439 -0.0882453 -0.0606488 0.599487 0.0813416 -0.651157 0.301375 -0.0303364 
-0.141665 -0.0626515 0.564536 -0.240821 0.0564845 0.0785713 0.214687 -0.60583 -0.0992097 -0.421382 
0.457358 -0.267696 0.238458 0.0851206 -0.000543072 -0.076899 0.477721 -0.475565 0.187701 -0.181632 
0.163601 0.214335 0.19514 -0.32024 0.327827 0.00661664 0.303444 -0.276856 0.460548 0.163914 
0.535462 -0.299216 0.244429 -0.340617 -0.115838 -0.168128 0.196908 -0.562077 0.276025 0.0461532 
0.345352 -0.521907 0.130357 -0.467942 -0.496192 -0.240536 0.194637 -0.0419471 0.100304 0.204293 
-0.634744 0.12299 0.543529 -0.374574 0.526781 0.171703 0.820394 0.0273154 0.531246 -0.170055 
-0.264557 0.0982283 0.147801 -0.442174 0.444739 -0.128494 0.445361 -0.0439864 -0.04161 -0.274393 
-0.394068 0.204827 0.311302 -0.339573 0.0470936 0.12219 -0.134249 0.165711 0.0368604 -0.0951173 
0.0576101 0.06007 -0.0495938 0.298233 0.338839 0.0735633 0.204432 -0.101154 0.0971091 0.123389 
-0.17156 -0.184154 0.233955 0.4144 0.303195 0.200347 0.271639 -0.0327632 0.0185623 -0.0451064 
0.266659 0.019047 0.513558 0.324545 -0.0639632 0.121382 0.561811 0.14387 -0.0504082 -0.253549 
-0.0379009 -0.194696 0.29303 0.420463 0.0102303 -0.120892 0.508238 0.203027 0.181732 -0.142802 
-0.275969 0.192206 0.147955 0.3774 -0.144806 0.26907 0.260679 -0.103736 0.217985 0.0280202 
-0.143312 0.102204 -0.0529151 0.0456358 -0.156379 0.123857 0.032161 -0.386152 -0.0732949 -0.0212033 
-0.0987597 -0.326902 0.211509 0.463391 -0.289473 -0.178553 0.0533359 0.245529 -0.193534 -0.467362 
0.13888 0.2098 0.143547 0.36568 -0.526233 0.41002 0.391006 -0.0602895 -0.234578 -0.682493 
0.226293 -0.188885 0.446155 0.0940278 -0.542398 -0.0817489 -0.207168 -0.578087 0.319622 -1.02389 
-0.268989 0.318822 0.755864 -0.386106 -0.191794 0.245 -0.386754 -0.558031 -0.42812 -0.366881 
0.393549 0.391412 0.523571 -0.190125 0.104942 -0.0579682 0.217931 -0.0844993 0.174809 0.316459 
0.396789 0.224689 -0.294774 0.18253 0.213258 -0.203605 0.318474 0.221852 0.283179 0.161281 
0.163944 -0.206801 -0.365099 0.345663 0.457964 0.374822 -0.333183 -0.13182 -0.47996 -0.502122 
0.305641 0.149701 0.117926 -0.427482 -0.193444 -0.316617 -0.0121266 0.474925 -0.331218 -0.100584 
-0.0906941 -0.0722564 -0.135763 -0.084418 0.103562 -0.00221228 -0.184443 -0.456566 -0.149916 -0.194985 
-0.449908 0.151247 0.0194753 -0.0597772 0.364041 0.449784 0.355215 0.307605 0.127358 -0.479509 
0.135208 -0.0621904 -0.312254 0.510228 -0.270156 0.22777 0.140637 -0.375948 -0.254993 -0.484605 
0.035636 -0.468887 0.262096 0.708755 0.124155 0.388812 0.0857015 0.019411 0.284978 0.136787 
-0.0707794 -0.347284 0.219173 0.479286 0.340239 0.440057 -0.521092 -0.634446 -0.0630912 -0.422984 
0.584581 -0.23132 -0.0590554 0.274759 -0.20584 0.511052 0.0659685 -0.278371 -0.0470847 0.304974 
0.285873 0.146865 0.406769 0.268284 0.160454 0.378851 0.0496092 -0.430956 0.15976 0.0155637 
0.58178 0.24427 0.45673 0.158906 -0.0308343 0.646708 0.11482 0.0467584 0.221942 0.100974 
0.377851 0.125897 0.544936 0.364126 -0.300814 0.223674 0.369215 -0.276293 0.475032 0.0748766 
0.461723 0.213746 0.339848 -0.145503 -0.629891 0.0657782 0.482752 -0.444558 0.057565 -0.6166 
0.177986 0.0707216 0.269144 -0.189858 0.0817617 0.203982 0.861396 -0.409911 0.0361948 -0.436941 
0.533247 0.190953 0.264156 -0.134147 -0.459005 0.069725 0.50431 0.14982 0.00310313 -0.288143 
-0.265658 0.0432375 0.551448 0.208974 -0.0557944 0.031317 0.262691 -0.0328736 -0.0475407 -0.00983938 
-0.282176 0.117322 -0.0838381 -0.249726 0.138444 -0.145973 0.470205 -0.0491502 -0.394391 -0.458175 
0.0479203 -0.00896198 0.430485 0.34265 0.209631 0.163289 0.346036 0.198822 0.0543891 -0.175762 
-0.13469 0.532292 0.431046 0.214669 0.14954 0.0423722 0.381509 -0.103405 0.118357 -0.383372 
0.382581 0.188479 0.288214 0.528217 -0.0781627 0.193387 0.227439 -0.0665765 0.018884 -0.047848 
0.0140172 0.335554 0.199462 0.240311 0.0952539 0.3893 0.00321963 -0.315796 0.128221 0.00122435 
0.202785 0.112533 -0.0315756 0.0869239 -0.291118 -0.14321 0.114353 0.00670246 -0.106018 -0.351087 
-0.20813 0.0650886 0.214967 0.135527 0.0190401 0.236877 0.13236 -0.403467 0.0787697 -0.0564301 
0.53388 0.0392413 0.38653 0.513212 0.00900586 0.033072 -0.0632119 -0.235676 0.0480412 -0.714599 
0.212076 -0.32213 0.216417 -0.108195 -0.330341 0.135253 -0.0234678 -0.775339 0.264908 -0.376771 
-0.239197 -0.335669 0.188367 -0.177917 -0.4381 0.159069 0.357388 0.0227475 0.0120122 -0.720139 
-0.0535123 -0.0961001 0.31046 0.00465412 0.05787 0.238292 -0.280546 0.421594 -0.280688 -0.145227 
-0.395246 0.55763 0.557754 0.0386173 0.292699 -0.304848 0.218421 -0.0869875 -0.210497 -0.105893 
-0.260818 0.440598 0.477174 0.192876 -0.43518 0.338189 0.226615 -0.0190295 -0.175247 0.292761 
-0.139821 -0.266328 -0.0166096 0.309206 0.112191 0.461239 0.151239 -0.191761 0.265073 0.373565 
-0.432992 -0.337397 -0.408564 0.0141942 -0.255277 -0.403828 0.047315 -0.453429 0.33778 -0.0198311 
0.458995 0.360473 0.132277 -0.47267 -0.184797 0.435979 -0.120383 -0.359066 -0.310849 0.430451 
0.325602 0.109661 0.0230966 -0.177305 -0.296852 0.256023 0.137822 0.317904 -0.134516 -0.136626 
-0.13455 0.127163 0.210906 0.426028 0.4129 0.32075 -0.138641 -0.00437149 -0.513787 -0.207954 
-0.167477 0.126347 0.357564 0.658428 -0.505592 0.387328 -0.231817 -0.0627957 -0.102165 -0.119134 
0.664477 -0.337823 0.303621 0.322095 -0.114081 0.466282 0.116141 -0.362572 -0.146543 0.177384 
0.29872 -0.273574 0.246875 0.374784 -0.0762931 0.180183 -0.00927457 -0.836516 0.372164 -0.246063 
0.0434765 -0.214155 0.613388 0.0643329 -0.626842 -0.2326 -0.0218743 -0.376858 0.227954 -0.337767 
0.352684 0.325324 0.251718 0.103225 -0.695306 0.259781 0.301927 -0.155921 -0.0827188 -0.536065 
-0.068988 0.0433674 0.198071 0.163091 -0.169187 0.224715 0.368852 -0.23114 0.0443276 -0.689923 
0.554193 -0.00911334 0.161325 -0.0812596 -0.301595 -0.0609853 0.523596 -0.170197 0.154778 -0.19298 
0.231324 0.0728225 0.419181 -0.168523 -0.385209 0.151156 0.0556369 -0.222051 -0.21761 -0.575579 
0.325879 0.0238834 0.175032 -0.466627 -0.0516474 -0.0342628 0.579408 -0.26305 0.0696098 -0.755859 
0.194317 0.174776 0.169107 -0.134523 -0.468416 0.220872 0.44382 -0.0186193 0.106573 -0.416501 
0.124606 0.0959933 0.13506 0.112991 -0.165652 0.00970209 0.44232 0.107484 0.0123984 -0.388221 
0.150079 -0.0376152 0.0572659 0.0297582 0.0735631 -0.0787038 0.528292 -0.322589 -0.0194594 -0.385662 
-0.0512155 0.33265 0.140742 0.290686 -0.258353 0.228347 0.301105 -0.502352 0.0502232 -0.179674 
0.075275 0.120928 -0.0393026 0.0863683 0.050023 0.109524 -0.0556218 -0.588272 0.0492098 -0.521574 
-0.365725 0.869713 0.0817198 0.242828 -0.368612 -0.0623116 0.444956 -0.6205 -0.0155322 -0.827043 
-0.00403482 0.35037 0.426659 0.445169 -0.422492 0.343713 0.0360412 -0.382991 0.207027 -0.400143 
-0.0493611 0.417298 0.516251 0.310602 -0.169667 0.284668 0.508272 -0.406595 0.400475 -0.329607 
0.271527 0.379837 0.0455258 0.0947749 -0.353173 0.326242 0.277478 -0.0790506 0.0530369 -0.834059 
0.0696985 0.226353 0.692293 0.525975 -0.553399 0.325008 -0.298238 -0.60094 0.264576 -0.511027 
-0.213121 -0.172413 0.319858 0.200491 -0.0831332 0.65086 0.100724 -0.533307 0.418247 -0.295136 
-0.323087 -0.322665 0.399585 -0.234287 -0.423589 -0.0977615 0.182147 -0.195992 0.263144 -0.304524 
0.404226 -0.139178 0.719937 0.0661918 0.225538 -0.0451586 -0.0921562 0.0297301 -0.394863 0.353384 
0.473971 -0.0844412 0.12727 -0.104551 -0.228037 -0.241735 0.469201 -0.0529737 -0.29207 0.0518059 
-0.198024 0.473156 -0.497432 0.17645 -0.171294 -0.282066 -0.427511 -0.337729 -0.467396 -0.0275788 
-0.472016 -0.324271 0.29395 0.214754 -0.325192 -0.472707 0.365113 0.28366 0.317946 0.0452904 
0.222211 -0.229467 -0.307651 -0.452741 0.437522 0.410603 0.422208 0.470975 0.290795 -0.184255 
-0.00906005 -0.222262 -0.337884 0.451876 0.232997 -0.138437 -0.430407 0.378544 0.205641 0.431646 
0.326451 -0.0398377 0.00644782 0.00855279 0.0937132 -0.202808 0.364534 0.00268101 -0.337717 0.329878 
0.202727 0.111348 0.0425494 0.239554 -0.092827 0.384002 0.154074 0.00300529 0.124762 0.0603066 
-0.0771862 0.324581 0.477147 -0.141216 0.300614 0.0338387 -0.581023 -0.451891 0.197981 0.0610801 
-0.205653 0.0980816 0.348106 0.352172 -0.914053 -0.0724672 -0.611605 -0.273408 0.198495 -0.164382 
0.16683 0.665684 -0.12104 0.0268055 -0.0510461 0.33422 0.224769 -0.473572 0.295041 0.107884 
-0.0132063 0.0767368 0.142193 0.454982 -0.41106 0.181802 0.0523353 -0.230339 0.283333 -0.0769334 
0.278601 0.329957 0.33521 -0.219834 -0.0466284 0.273649 0.0986947 -0.252373 -0.00355356 -0.477418 
-0.0114809 0.156377 0.245091 0.00798055 -0.309775 0.0877239 0.176171 -0.305823 -0.0233039 -0.526336 
0.594795 -0.0713599 -0.0350317 -0.310408 -0.0784707 0.148422 0.47446 -0.29845 -0.179124 -0.738827 
0.312118 -0.310184 0.0104481 -0.0677407 -0.578659 0.0475932 0.494553 0.0499978 -0.224776 -0.235077 
-0.0011535 0.168882 0.289516 0.196408 -0.158272 0.0889382 0.615506 0.0827379 0.248371 -0.300682 
0.0479653 -0.152692 -0.0638612 -0.249668 -0.308922 0.0935287 0.229908 -0.300089 -0.268631 -0.71315 
-0.0858771 0.515336 0.133308 -0.0526753 0.138669 0.342585 0.59839 0.132179 0.26205 -0.226013 
0.0543108 -0.126913 0.038787 0.230243 0.218994 -0.197351 0.334094 -0.0622063 -0.423772 -0.422239 
-0.239541 0.152165 0.284485 0.0296294 -0.275368 0.214528 0.200499 -0.395315 0.140145 -0.604117 
-0.091861 0.074451 0.403367 0.0109972 0.168982 -0.0799682 0.241973 -0.25754 -0.233915 -0.408879 
-0.282178 0.595888 0.261622 0.390063 -0.143987 -0.043628 0.271189 -0.0106782 -0.101672 -0.336966 
0.0352712 0.332036 0.356603 0.294232 0.141391 0.244354 0.0949624 -0.348216 0.147576 -0.300251 
-0.122059 0.576894 0.40022 -0.0337187 0.0897447 0.325538 0.0360839 -0.595133 0.413468 -0.175978 
0.0294691 -0.197955 0.421254 0.0735907 -0.137902 0.546663 0.242102 -0.0427245 0.408718 -0.340286 
0.314055 -0.0962944 0.326112 -0.503078 -0.0596242 -0.124392 -0.408031 -0.477024 -0.10937 -0.285264 
0.385684 0.482912 0.0316149 0.12309 -0.0326954 0.609533 -0.164116 0.0846891 -0.249015 0.173834 
0.179433 -0.0173331 0.119071 0.341029 -0.528696 0.507301 -0.214725 -0.0801182 -0.322725 0.178985 
0.429188 0.414118 -0.143309 -0.198726 0.394272 0.122807 -0.487385 0.23579 0.0433791 -0.311435 
-0.0226086 0.384192 0.461017 0.48676 0.124386 0.449308 0.4936 -0.264168 -0.117136 -0.447013 
0.496868 -0.398103 -0.224 -0.401957 -0.449234 -0.28218 -0.0741448 0.360308 -0.244609 0.483407 
-0.299323 -0.0676535 -0.104652 -0.184419 0.11524 0.127367 -0.0348383 -0.0113653 -0.131981 -0.0908191 
0.320131 0.00680424 0.14622 -0.0869314 -0.387403 -0.103569 -0.141331 -0.0183631 0.0253577 -0.0819844 
-0.0529742 0.400543 0.304999 0.591193 0.267681 0.490002 0.220689 -0.513605 0.230301 0.0412679 
-0.125593 0.123808 0.509277 0.285227 -0.513013 0.156432 0.23982 -0.202411 0.0612125 -0.0589522 
0.426024 0.936284 0.135098 0.242931 0.203124 0.142635 0.0330855 -0.344776 -0.486439 0.184522 
-0.0961946 0.110323 0.17227 -0.114653 -0.196567 -0.20405 -0.39034 0.00101349 0.0557343 -0.26902 
0.452561 -0.0539868 0.496785 0.26037 0.0919989 0.23587 0.127739 0.369469 0.293988 -0.122699 
0.0247578 -0.121876 0.123863 -0.074119 -0.454813 0.0564164 -0.422357 -0.174492 -0.354817 -0.251285 
0.142903 -0.213069 0.194994 -0.163071 -0.0135112 -0.080783 0.114789 0.130954 0.0228018 -0.0842364 
0.15827 0.0206887 0.0878493 0.0401083 -0.354086 -0.148539 0.483865 -0.276031 -0.113008 0.247866 
0.310495 -0.262392 0.168586 0.259388 -0.100586 0.224608 -0.271019 -0.219755 0.270742 -0.175372 
-0.191411 -0.463002 -0.0505662 -0.294643 -0.0300624 -0.0341061 0.0879363 -0.150308 -0.0511467 -0.347406 
0.574849 -0.259315 0.236131 -0.0465719 0.0721496 0.404479 0.571325 -0.413097 0.403785 -0.469965 
0.586751 0.109407 0.16271 0.220754 0.00951745 0.336008 0.352802 -0.0460448 0.255886 0.00936682 
0.142622 0.174102 -0.0188005 0.302797 -0.282556 0.109999 0.025227 0.144495 0.392989 -0.503684 
0.225399 0.355868 0.0850383 -0.0195405 -0.431087 0.370844 0.293418 -0.204136 -0.201913 -0.557616 
-0.0128848 0.201179 -0.0490381 0.391814 0.21933 -0.11838 0.330016 -0.231484 0.247747 -0.4443 
-0.395417 0.385408 0.155424 0.0834371 -0.0884288 0.383116 -0.169542 -0.649819 -0.0909 -0.589604 
0.165689 0.235171 0.266627 -0.063926 0.233693 0.250345 -0.286674 -0.208918 0.157871 -0.628429 
0.170989 -0.0108987 0.385336 0.258667 0.414926 0.0705291 0.4223 -0.480517 -0.249721 -0.358774 
-0.146525 0.0137143 0.238673 0.140539 0.105158 0.27889 0.0958265 0.0996261 0.258016 -0.552449 
0.346384 0.304046 0.5623 0.47082 0.0995035 0.168065 0.114295 -0.534986 -0.176606 -0.123623 
-0.294033 -0.074213 0.794925 -0.456109 0.160598 0.336921 -0.121792 -0.273774 0.111839 -0.463963 
-0.402848 0.473155 0.248558 -0.290859 0.188548 -0.201351 -0.385869 -0.00932063 0.0587772 0.277249 
-0.301272 -0.367392 -0.238857 -0.186316 0.358314 0.197547 0.0541299 0.165354 -0.0100741 -0.532542 
0.161221 -0.340943 0.233718 -0.0671088 0.175161 -0.0599026 0.244143 0.264729 0.223606 0.283865 
-0.12597 0.223517 0.314141 -0.201373 -0.00886271 0.283534 -0.442411 0.0795293 -0.231599 0.224803 
-0.266307 -0.219898 0.369989 -0.338074 0.26809 0.179014 0.380223 -0.150386 -0.464143 0.15095 
0.432251 -0.000275236 0.109305 0.187641 -0.138959 -0.0663617 -0.157598 0.482957 -0.340341 -0.156317 
-0.422661 -0.401316 0.0071709 0.366346 -0.467761 0.0483973 -0.327884 -0.0234158 0.317001 -0.312224 
-0.197381 0.150783 -0.181087 0.11195 0.11213 -0.00438279 0.114454 -0.160732 -0.417057 -0.19848 
-0.0748749 -0.166087 0.21472 0.197855 0.107046 0.250095 0.339967 -0.307803 0.0449117 -0.0984294 
-0.45494 -0.260467 -0.169974 0.083926 -0.362721 -0.0290345 0.269333 -0.241171 -0.0830295 -0.329686 
0.124302 0.551703 -0.130408 0.425963 0.111921 0.0421374 -0.551796 0.38643 -0.434603 0.214373 
0.0371026 -0.133239 0.0600947 0.419218 0.0957498 -0.239502 -0.0754234 0.0914587 -0.378517 -0.120727 
0.0364073 -0.137977 0.274182 -0.262849 -0.573947 0.0372349 -0.189711 -0.19968 0.345727 0.0831088 
0.372876 0.186246 0.120384 0.261217 0.267601 0.0476792 -0.744927 -0.342175 -0.208952 -0.524454 
0.179612 -0.19184 -0.114587 0.0990215 -0.274857 0.399505 -0.242382 -0.105871 0.127787 -0.407009 
0.741418 -0.234057 0.439718 0.237974 0.164458 0.00424874 -0.197227 -0.557953 0.00935018 -0.454241 
0.0864175 0.2289 0.100825 -0.168132 -0.383206 0.235563 0.156836 -0.0179123 0.394363 -0.31426 
0.307076 -0.101069 -0.00741535 0.17003 -0.163049 -0.0502515 -0.409518 -0.199423 0.214744 -0.164075 
-0.0578083 -0.440949 -0.202509 -0.322648 -0.356344 -0.191534 0.0262281 -0.131909 0.113991 -0.501732 
0.176315 0.274947 -0.209793 -0.0741855 0.0137397 0.0386398 -0.0157714 -0.0694764 0.0797709 -0.322057 
0.111667 -0.360529 0.245935 -0.265382 0.387261 0.111846 -0.0565076 0.366314 0.426499 -0.33188 
0.162777 0.796773 -0.0981386 -0.00767195 -0.454184 -0.0616789 -0.285826 -0.0195529 -0.116563 -0.426188 
-0.072033 -0.00666058 0.293265 0.523656 0.0414569 -0.372672 0.36257 -0.135317 0.245197 -0.525226 
-0.26623 0.00345503 0.593657 0.247558 0.0550207 0.0639395 -0.0329333 -0.130464 0.339666 -0.406495 
-0.293643 -0.117157 0.20588 -0.200914 0.158412 0.449986 -0.082751 0.037812 0.200178 -0.506495 
-0.0484357 0.135997 0.574968 -0.143768 0.232768 0.11961 0.0728284 -0.238571 -0.113084 -0.0926071 
-0.171338 -0.444517 0.230294 -0.0409875 -0.170722 0.539617 0.0160602 0.301532 0.27079 0.133837 
0.118873 0.268206 0.0804961 0.364851 -0.455431 0.272838 0.333068 -0.684225 -0.0051248 0.238163 
0.0914546 -0.264208 0.198525 -0.365418 -0.351268 -0.0208822 0.0104572 -0.467545 0.4415 -0.422543 
-0.48713 0.26767 -0.20487 -0.279632 0.461857 0.520315 0.333865 -0.213264 0.403257 -0.190565 
0.380614 0.200578 0.0912046 0.00734181 -0.309671 0.31805 -0.36184 0.416727 -0.181606 0.209039 
0.184226 -0.431908 0.400342 -0.279656 0.313595 0.239541 0.31717 -0.0240592 -0.37779 -0.142309 
-0.0175116 -0.0367104 -0.457803 0.456185 0.0661988 -0.458999 -0.341411 -0.437824 -0.33495 -0.330753 
-0.0987296 0.130811 -0.326103 -0.303063 0.406377 -0.0400736 -0.40074 -0.110913 -0.128281 0.249248 
0.36051 0.368491 0.24899 -0.163936 -0.429148 -0.15731 0.00669044 0.391905 -0.255662 -0.161534 
-0.171891 0.350552 0.13504 0.152933 -0.416056 -0.255993 0.015319 0.43702 0.225235 -0.322072 
-0.344314 -0.292373 -0.297073 0.00819215 -0.440362 0.262228 -0.379753 0.297662 -0.232672 0.25133 
-0.237775 -0.0463822 -0.230649 0.471207 -0.501698 -0.16405 0.230391 0.0718763 -0.575933 0.0221785 
0.36181 -0.12788 -0.126141 0.757008 0.172484 -0.251621 0.387921 0.320776 -0.491405 0.148489 
-0.563069 0.215746 0.0128166 0.343292 -0.161638 0.441643 -0.17694 0.0271986 0.034798 0.0283254 
0.0109125 -0.766985 -0.437428 0.094189 0.0166929 -0.0642421 -0.0687933 -0.100808 0.146365 -0.163287 
0.187019 0.173655 -0.0767522 0.645763 -0.203307 0.487052 -0.00517586 0.060909 0.205195 -0.0940256 
0.14638 -0.121954 0.0583449 0.300813 0.26479 0.348046 -0.376451 0.275032 0.186805 0.199568 
0.119303 -0.177777 0.0343298 0.282836 0.0449086 0.220126 -0.288683 0.201734 0.304006 -0.102023 
0.126091 -0.0413727 -0.039924 0.349023 -0.133549 0.229997 -0.434051 -0.175441 0.379679 -0.301568 
0.442329 -0.380768 -0.00616749 0.429742 -0.2629 0.269615 -0.680445 0.223724 0.0615032 -0.443131 
0.227825 -0.270092 0.377401 0.0831642 -0.0231845 0.459771 -0.0571661 0.0344511 0.35155 -0.500774 
0.143649 -0.154176 0.220019 0.463446 -0.140943 0.202929 -0.676156 0.0719247 0.206878 -0.299421 
0.0744585 -0.0535825 -0.0249506 0.131492 -0.0268227 0.319425 -0.198635 -0.0950414 0.660557 -0.0710426 
-0.494079 -0.398554 0.0957141 0.20632 -0.0564605 0.418297 0.135209 0.210274 0.076754 -0.2447 
-0.200939 0.173834 0.438286 0.150207 0.142921 0.261806 -0.237505 -0.231902 0.111125 -0.149794 
-0.061498 0.456896 0.385355 0.14099 -0.242774 -0.153724 0.194341 -0.0751016 0.675171 -0.290744 
0.0899557 -0.0618595 -0.223452 0.0904608 -0.337083 -0.126915 -0.274245 -0.200857 0.475087 -0.22333 
0.15827 0.301435 0.499127 0.362479 0.0764685 -0.17782 -0.296653 -0.307353 -0.0516055 0.323635 
-0.161884 0.250911 0.538799 0.392679 0.302571 -0.0459855 -0.216331 -0.228428 -0.278851 -0.286771 
0.242868 0.346402 -0.299823 -0.509605 0.1377 0.488377 -0.395389 -0.542381 0.266868 -0.276609 
0.120383 -0.357696 0.152138 -0.0193771 0.104485 0.302637 -0.093595 0.105384 -0.137776 -0.445163 
0.452741 0.434112 0.208965 0.439081 0.00704973 -0.326572 -0.10697 -0.467851 -0.116637 -0.377946 
-0.119995 0.188266 -0.267528 -0.406619 -0.266924 -0.458394 0.00691487 0.457565 0.472746 -0.279859 
-0.124583 -0.324738 -0.297662 0.484369 -0.487934 0.409483 -0.112184 -0.425363 0.102144 -0.0388342 
0.290586 0.430831 0.168842 0.448907 -0.0368463 0.0302744 0.0764823 -0.0116908 0.321073 -0.119537 
-0.265944 -0.285406 -0.344503 -0.438757 0.283534 0.366994 -0.181065 0.325274 0.443031 -0.137852 
-0.278202 0.194983 0.426283 -0.335542 -0.0458793 -0.0332443 -0.335343 -0.184856 0.0317556 0.0541796 
-0.207926 -0.242233 -0.196208 0.260922 0.0524317 -0.0436071 0.242501 0.420285 -0.322448 0.466641 
0.204055 0.264042 0.229556 -0.255195 0.241966 -0.105294 0.369958 -0.299467 0.361519 0.137233 
-0.455049 0.269488 0.249281 0.566699 -0.175042 -0.38583 0.0372898 0.251827 -0.272573 0.250384 
0.0865961 0.352682 -0.0660135 -0.0733815 0.257034 0.438904 0.185575 0.21778 -0.397829 -0.117925 
-0.432847 0.0222414 -0.398504 0.668632 -0.393773 0.0835113 0.145269 0.150675 0.244342 -0.137569 
-0.467239 -0.0367586 -0.324012 0.27305 -0.390415 -0.25817 -0.44824 0.368184 -0.707957 0.266872 
0.00528497 -0.572389 -0.0774842 0.496921 -0.339522 0.133375 0.415417 0.651639 -0.0235713 0.286366 
-0.497955 -0.168735 -0.425865 1.08126 -0.182559 0.58695 -0.415147 0.209526 0.273766 0.224695 
-0.524201 -0.070775 -0.0398301 0.719635 -0.224441 0.186596 -0.0723721 0.616115 0.145061 0.463078 
-0.394829 0.0200297 -0.412065 0.430241 -0.180084 0.50649 0.398386 0.585346 0.110547 0.40505 
-0.716191 -0.528592 0.0631991 0.801616 -0.603021 0.286559 0.131848 0.115693 -0.306766 0.0328523 
-0.561942 -0.0220877 -0.378518 -0.0534835 -0.314291 0.0568806 -0.120515 0.307359 0.328696 0.327736 
-0.438785 -0.115938 0.137738 0.490861 -0.303799 0.331855 -0.32824 0.481957 0.114478 0.108062 
-0.696252 -0.527535 0.0444728 0.268052 -0.775434 0.119863 -0.529073 0.192258 0.38824 0.0480593 
-0.0997508 -0.174477 -0.374631 -0.213393 -0.547163 0.212316 0.401334 0.14969 -0.211451 0.163399 
0.107716 -0.211913 -0.478489 -0.193041 -0.462834 0.411319 0.322622 0.41236 0.129928 0.217663 
-0.535917 0.144606 -0.389277 0.0552489 -0.25636 -0.193524 -0.338885 0.248707 -0.229226 0.420771 
-0.280715 0.268255 0.0567171 -0.0186606 -0.622214 0.463384 -0.389419 0.229223 -0.212853 0.285278 
0.074341 -0.365407 0.112902 -0.0892602 -0.276004 0.369548 -0.180711 0.153527 -0.186688 0.141214 
-0.146161 0.123545 -0.149455 -0.0572624 0.211776 0.643623 0.00480688 -0.0860631 -0.0209946 -0.423724 
-0.369437 -0.0184631 -0.51371 0.397139 0.0315873 -0.10222 -0.0988893 -0.420842 -0.334411 -0.0895324 
0.424462 0.466439 0.334693 0.401006 -0.524961 -0.00674243 0.0347197 0.296922 -0.352405 0.123355 
-0.310476 -0.387726 -0.213932 -0.278391 0.0869042 -0.0265753 -0.344118 -0.42646 0.471557 -0.379806 
0.201706 0.301384 0.317023 -0.106682 -0.314017 -0.484894 0.244353 0.106436 -0.34237 0.293182 
0.257197 -0.199562 0.420014 -0.458613 -0.13045 -0.109879 -0.0367967 0.138948 0.44396 -0.0169851 
-0.148884 0.262104 -0.120487 0.303447 0.100074 0.0712064 -0.488435 0.256813 -0.368776 0.430961 
-0.0357326 -0.080499 0.172849 0.381839 0.324001 0.320449 -0.25641 -0.132683 -0.0292016 0.0658863 
0.00194285 -0.462718 -0.245286 -0.0651442 0.458482 -0.344018 0.455879 0.194674 -0.223227 -0.0246676 
-0.370115 -0.434996 -0.41514 0.357346 0.476366 0.0790598 -0.042303 0.466206 -0.300555 0.230058 
0.262356 -0.322297 -0.388105 0.387023 -0.32081 0.384505 0.192527 -0.16804 -0.128691 -0.130435 
-0.4922 -0.465705 0.136001 0.185639 -0.0590188 0.285035 0.375195 0.129838 0.0509358 0.377799 
-0.360638 0.160843 -0.14166 0.389424 -0.219319 -0.0219257 0.467668 0.205733 -0.186754 0.619158 
-0.0238208 0.215604 0.107935 -0.382651 -0.308328 -0.541871 -0.115095 -0.0823813 0.314836 0.361669 
0.370624 0.141492 0.147817 0.292572 -0.0910457 -0.262241 0.0547299 0.172604 -0.423861 0.328061 
0.0956452 0.180277 0.207404 0.0301217 -0.310742 -0.0771771 -0.104828 0.620383 -0.00184769 0.600423 
0.331501 -0.185465 -0.102379 0.0650794 -0.413809 -0.348197 -0.0642044 -0.0734862 0.130678 0.255349 
0.354842 -0.553604 -0.425009 0.0121464 -0.615298 0.469257 0.483025 0.42106 -0.296415 0.249928 
0.0224198 0.386768 0.122446 0.332903 -0.384205 0.212936 -0.0462966 0.118244 -0.250524 0.473013 
0.00764104 -0.0255354 0.255953 0.00165908 -0.613877 0.039651 0.182212 0.247904 0.183045 0.0939021 
-0.0569201 0.125986 -0.0598384 0.423274 -0.35286 -0.0219228 -0.236616 0.577037 -0.578889 0.692249 
0.409214 -0.263017 -0.0510883 -0.243789 -0.778666 0.261625 -0.159079 0.54555 0.131117 0.239812 
-0.261919 -0.0807205 -0.347092 -0.268062 -0.219331 0.108031 0.420772 0.104792 0.264813 -0.0546499 
-0.254191 -0.28674 0.280311 -0.22741 -0.782012 -0.0179695 -0.169911 0.813773 0.383082 0.380169 
0.382188 -0.20239 0.202437 0.436139 -0.225272 -0.442222 0.110568 0.624194 -0.32677 0.237256 
0.337263 -0.100843 -0.257867 -0.244828 -0.373016 -0.312854 -0.201455 -0.0698536 0.30398 -0.109294 
-0.219002 0.268144 0.129606 -0.0481756 -0.491541 -0.298391 -0.0816348 0.404777 0.176732 0.118597 
0.0111083 0.467484 -0.474093 0.396709 0.350294 0.278285 0.378381 0.642973 -0.0869721 0.264305 
0.249403 0.172723 0.00208179 -0.0321209 -0.0928831 0.277512 0.357384 0.63265 0.185964 -0.060271 
-0.442692 0.232926 0.0406666 0.0781769 -0.131537 -0.165228 0.135338 0.213047 -0.432255 -0.302199 
0.0728652 -0.127568 0.201313 0.0802261 -0.132918 -0.407488 -0.151128 -0.46517 -0.23715 0.320821 
0.318108 0.328936 0.20573 0.447696 -0.353414 -0.355555 -0.378185 -0.201714 -0.489124 0.298014 
-0.382755 0.049017 -0.110907 0.172956 -0.390737 -0.147517 -0.2999 0.3114 -0.154796 -0.204042 
-0.281167 -0.254227 0.450745 -0.352905 0.345751 0.425546 0.287572 0.169339 0.00136335 0.105403 
0.251628 -0.490977 0.199409 -0.27337 -0.0351584 -0.497899 -0.400583 0.243986 -0.129412 -0.00860661 
0.428858 -0.252782 -0.396216 -0.214784 -0.39843 -0.315773 0.461172 -0.133005 -0.198109 0.160546 
0.138642 0.225619 -0.135064 0.393662 -0.398445 -0.365528 -0.433756 0.193105 0.432104 -0.0243044 
0.349097 -0.413372 0.219031 -0.0674939 0.249737 -0.45901 0.303902 0.327277 -0.277114 0.4025 
-0.0197763 -0.0961717 -0.141863 -0.35407 -0.278062 -0.0946092 0.483762 0.0280979 -0.437455 -0.375141 
-0.321479 0.367383 0.41282 -0.339509 0.408423 -0.341422 0.0598847 -0.440837 0.33392 0.405193 
-0.493212 0.404117 0.468956 0.0140378 -0.501951 0.484417 -0.495255 -0.23243 0.349017 -0.258196 
-0.38477 -0.282433 0.450509 0.379802 -0.145597 -0.180992 0.121031 -0.374606 0.40597 -0.39324 
-0.0178392 -0.385656 -0.246232 0.0940942 0.0801154 0.468103 -0.445799 0.263898 0.335263 -0.422826 
-0.012767 0.32656 0.442203 -0.170518 0.288909 0.163632 -0.296501 -0.440112 -0.00186647 0.131546 
0.406128 -0.0446042 -0.00910754 -0.379133 -0.261932 0.359476 0.186674 0.232869 -0.251082 0.00714378 
0.166748 -0.282908 0.232058 -0.017833 0.217983 0.343829 -0.376061 0.0763839 -0.388614 0.173114 
0.0671648 -0.134303 -0.310297 0.354429 0.401617 0.467299 0.397868 0.0350557 -0.122153 0.411822 
0.169363 -0.335833 -0.16407 -0.237137 -0.524579 -0.19312 0.423958 0.0601727 0.293692 -0.564976 
-0.138316 0.154307 -0.131545 -0.153354 -0.169341 0.0244597 0.477213 0.453645 -0.189938 0.330966 
-0.387389 0.0105334 -0.123745 -0.0218007 0.417073 -0.209483 -0.387059 0.39481 0.00666557 -0.319687 
-0.297428 0.411 0.411025 0.163149 -0.476939 -0.307964 0.281581 0.445273 -0.027639 -0.503978 
0.291348 -0.381403 0.148589 -0.405665 -0.483965 -0.0682106 0.411482 0.548551 -0.22691 -0.476785 
0.260619 -0.325993 0.0911682 0.348287 -0.407448 -0.469004 -0.183028 0.218475 0.0309412 -0.222662 
-0.051419 -0.315782 0.0841185 0.227113 0.357898 0.0247879 -0.0564064 -0.252708 -0.43433 -0.150308 
0.212315 -0.359031 -0.497595 0.28287 -0.019576 -0.355796 -0.23613 -0.139038 0.377155 -0.183385 
-0.468682 -0.125618 0.305173 -0.118018 -0.38831 0.420671 -0.259984 -0.289968 -0.41915 0.128005 
0.346091 -0.157681 0.030322 -0.32978 0.419485 0.0168987 -0.440559 0.308067 -0.241714 0.0387573 
0.41377 -0.0242034 -0.486963 -0.066349 0.491634 0.0356131 0.178278 -0.279131 0.192701 -0.391418 
0.144035 -0.00527811 0.456334 0.411239 0.129646 -0.401153 -0.28938 -0.29401 -0.146877 -0.322901 
-0.4247 -0.183248 0.379148 -0.0166067 0.140096 -0.114045 0.00815052 -0.0319464 0.103506 0.126249 
-0.481632 -0.442298 -0.468721 -0.104748 0.226496 -0.0783232 -0.430275 0.042796 0.373332 -0.0815419 
0.0957997 -0.449688 -0.24166 -0.260136 0.298199 0.325754 0.428881 -0.468968 -0.178612 -0.461962 
1 10
-0.989702 0.597975 0.202482 -0.472875 0.180566 2.2095 -0.251779 1.24565 -2.18669 0.00990253 
